1,118,69,114,162
2,117.4588,67.3763,114,162
3,116.9175,65.7525,114,162
4,117.4588,66.2938,114,162
5,116.9175,65.7525,114,162
6,117.4588,65.2113,114,162
7,116.9175,64.67,114,162
8,116.3763,65.2113,114,162
9,115.835,64.67,114,162
10,116.3763,65.2113,114,162
11,115.835,65.7525,114,162
12,115.2938,66.2938,114,162
13,114.7525,66.835,114,162
14,113.1288,68.4588,114,162
15,111.505,69,114,162
16,109.8813,69.5412,114,162
17,108.2575,70.0825,114,162
18,105.5513,70.6237,114,162
19,102.845,72.2475,114,162
20,100.1388,71.7062,114,162
21,96.35,72.2475,114,162
22,94.7263,71.7062,114,162
23,94.8425,68.2251,110.5201,157.0549
24,96.0046,69.0479,107.1465,152.2608
25,94.4785,69.5567,107.1465,152.2608
26,94.9872,69.0479,107.1465,152.2608
27,94.4785,69.5567,107.1465,152.2608
28,92.2575,67.6322,110.5709,157.127
29,90.6826,66.0573,110.5709,157.127
30,91.2076,63.4325,110.5709,157.127
31,90.6826,61.8576,110.5709,157.127
32,90.1577,60.2827,110.5709,157.127
33,90.6826,58.7078,110.5709,157.127
34,90.1577,58.1828,110.5709,157.127
35,90.6826,57.6578,110.5709,157.127
36,91.2076,58.1828,110.5709,157.127
37,91.7326,58.7078,110.5709,157.127
38,92.2575,58.1828,110.5709,157.127
39,92.7825,57.6578,110.5709,157.127
40,93.3075,58.1828,110.5709,157.127
41,94.8824,57.6578,110.5709,157.127
42,96.4573,58.1828,110.5709,157.127
43,98.0322,57.6578,110.5709,157.127
44,100.657,57.1329,110.5709,157.127
45,102.2319,56.6079,110.5709,157.127
46,103.8068,57.1329,110.5709,157.127
47,107.4816,56.6079,110.5709,157.127
48,109.0565,57.1329,110.5709,157.127
49,112.7313,56.6079,110.5709,157.127
50,114.3062,57.1329,110.5709,157.127
51,115.8811,56.6079,110.5709,157.127
52,117.456,57.1329,110.5709,157.127
53,120.0809,56.6079,110.5709,157.127
54,121.6558,57.1329,110.5709,157.127
55,123.2307,57.6578,110.5709,157.127
56,124.8056,59.2328,110.5709,157.127
57,127.4304,59.7577,110.5709,157.127
58,127.9554,61.3326,110.5709,157.127
59,129.5303,62.9075,110.5709,157.127
60,130.0553,64.4824,110.5709,157.127
61,130.5802,66.0573,110.5709,157.127
62,131.1052,67.6322,110.5709,157.127
63,131.6302,71.307,110.5709,157.127
64,132.1551,71.832,110.5709,157.127
65,132.6801,73.4069,110.5709,157.127
66,133.2051,72.8819,110.5709,157.127
67,133.73,73.4069,110.5709,157.127
68,133.2051,73.9319,110.5709,157.127
69,133.73,75.5068,110.5709,157.127
70,134.255,76.0317,110.5709,157.127
71,134.78,76.5567,110.5709,157.127
72,135.3049,77.0817,110.5709,157.127
73,135.8299,76.5567,110.5709,157.127
74,136.3549,76.0317,110.5709,157.127
75,135.8299,75.5068,110.5709,157.127
76,135.3049,76.0317,110.5709,157.127
77,134.78,75.5068,110.5709,157.127
78,135.3049,74.9818,110.5709,157.127
79,133.73,74.4568,110.5709,157.127
80,133.2051,73.9319,110.5709,157.127
81,132.6801,73.4069,110.5709,157.127
82,132.1551,72.8819,110.5709,157.127
83,131.6302,72.357,110.5709,157.127
84,130.0553,70.7821,110.5709,157.127
85,130.5802,70.2571,110.5709,157.127
86,129.0053,69.7321,110.5709,157.127
87,127.4304,70.2571,110.5709,157.127
88,127.9554,70.7821,110.5709,157.127
89,126.7134,72.9959,114.1047,162.1488
90,124.0047,72.4541,114.1047,162.1488
91,124.5464,72.9959,114.1047,162.1488
92,122.9212,73.5376,114.1047,162.1488
93,126.288,75.4707,110.6216,157.1991
94,128.5016,77.3448,107.2449,152.4006
95,129.6292,77.1249,103.9712,147.7485
96,131.7098,79.8736,100.7974,143.2384
97,132.7696,79.667,97.7206,138.866
98,131.3777,81.0588,97.7206,138.866
99,131.8417,81.5228,97.7206,138.866
100,131.3777,81.0588,97.7206,138.866
101,133.3332,82.7143,94.7376,134.6271
102,128.6707,81.0128,97.7654,138.9298
103,131.5554,80.8124,94.7811,134.6889
104,131.1054,81.2624,94.7811,134.6889
105,130.6554,80.8124,94.7811,134.6889
106,130.2054,81.2624,94.7811,134.6889
107,129.7554,80.8124,94.7811,134.6889
108,131.652,80.6181,91.8879,130.5775
109,132.0883,81.9269,91.8879,130.5775
110,131.652,81.4906,91.8879,130.5775
111,132.0883,81.9269,91.8879,130.5775
112,131.652,82.3631,91.8879,130.5775
113,132.0883,82.7994,91.8879,130.5775
114,131.652,82.3631,91.8879,130.5775
115,132.0883,82.7994,91.8879,130.5775
116,129.3111,82.0216,94.8246,134.7508
117,132.109,83.628,91.9301,130.6375
118,129.3305,82.8498,94.8681,134.8126
119,129.781,83.3002,94.8681,134.8126
120,130.2314,82.8498,94.8681,134.8126
121,129.781,83.3002,94.8681,134.8126
122,129.3305,82.8498,94.8681,134.8126
123,128.8801,83.3002,94.8681,134.8126
124,129.3305,82.8498,94.8681,134.8126
125,128.8801,83.3002,94.8681,134.8126
126,129.3305,82.8498,94.8681,134.8126
127,128.8801,82.3994,94.8681,134.8126
128,129.3305,81.949,94.8681,134.8126
129,128.8801,82.3994,94.8681,134.8126
130,129.3305,82.8498,94.8681,134.8126
131,128.8801,83.3002,94.8681,134.8126
132,129.3305,82.8498,94.8681,134.8126
133,128.8801,83.3002,94.8681,134.8126
134,128.4297,82.8498,94.8681,134.8126
135,127.9793,82.3994,94.8681,134.8126
136,128.4297,81.949,94.8681,134.8126
137,127.9793,82.3994,94.8681,134.8126
138,126.0129,80.6955,97.9001,139.1212
139,125.5481,79.3011,97.9001,139.1212
140,121.6596,77.5427,101.029,143.5676
141,117.6468,75.7282,104.2579,148.156
142,117.1518,74.2432,104.2579,148.156
143,116.6568,73.7482,104.2579,148.156
144,115.1718,73.2532,104.2579,148.156
145,112.0208,73.3607,107.59,152.891
146,111.51,71.8282,107.59,152.891
147,109.9776,71.3174,107.59,152.891
148,109.4667,71.8282,107.59,152.891
149,108.9559,71.3174,107.59,152.891
150,108.4451,71.8282,107.59,152.891
151,107.9343,71.3174,107.59,152.891
152,107.4235,71.8282,107.59,152.891
153,106.9127,71.3174,107.59,152.891
154,107.4235,70.8066,107.59,152.891
155,106.9127,70.2958,107.59,152.891
156,106.4018,69.785,107.59,152.891
157,105.891,69.2741,107.59,152.891
158,105.3802,69.785,107.59,152.891
159,104.8694,69.2741,107.59,152.891
160,105.3802,69.785,107.59,152.891
161,104.8694,69.2741,107.59,152.891
162,104.3586,69.785,107.59,152.891
163,103.8478,69.2741,107.59,152.891
164,104.3586,68.7633,107.59,152.891
165,104.8694,69.2741,107.59,152.891
166,105.3802,69.785,107.59,152.891
167,104.8694,70.2958,107.59,152.891
168,105.3802,69.785,107.59,152.891
169,104.8694,68.2525,107.59,152.891
170,105.3802,68.7633,107.59,152.891
171,104.8694,69.2741,107.59,152.891
172,104.3586,69.785,107.59,152.891
173,103.8478,69.2741,107.59,152.891
174,103.3369,69.785,107.59,152.891
175,102.8261,69.2741,107.59,152.891
176,101.6177,72.4499,111.0286,157.7774
177,101.0905,72.9771,111.0286,157.7774
178,100.5634,73.5042,111.0286,157.7774
179,100.0362,75.0856,111.0286,157.7774
180,98.4548,75.6128,111.0286,157.7774
181,99.6223,76.4394,107.6394,152.9612
182,98.0891,76.9505,107.6394,152.9612
183,97.5781,78.4836,107.6394,152.9612
184,97.067,78.9947,107.6394,152.9612
185,96.556,80.5278,107.6394,152.9612
186,96.0449,80.0168,107.6394,152.9612
187,96.556,80.5278,107.6394,152.9612
188,96.0449,81.0389,107.6394,152.9612
189,97.1767,81.8403,104.3537,148.292
190,98.6631,83.3267,104.3537,148.292
191,98.1676,83.8221,104.3537,148.292
192,98.9773,82.9388,107.6888,153.0315
193,97.4434,82.4275,107.6888,153.0315
194,97.5532,83.2293,104.4016,148.3601
195,99.0402,84.7163,104.4016,148.3601
196,99.5359,85.212,104.4016,148.3601
197,99.0402,85.7077,104.4016,148.3601
198,99.5359,85.212,104.4016,148.3601
199,99.0402,85.7077,104.4016,148.3601
200,99.5359,86.2034,104.4016,148.3601
201,99.0402,85.7077,104.4016,148.3601
202,99.5359,86.2034,104.4016,148.3601
203,99.0402,85.7077,104.4016,148.3601
204,99.5359,85.212,104.4016,148.3601
205,99.0402,85.7077,104.4016,148.3601
206,99.5359,86.2034,104.4016,148.3601
207,99.0402,85.7077,104.4016,148.3601
208,99.5359,86.2034,104.4016,148.3601
209,98.0489,86.699,104.4016,148.3601
210,98.5446,87.1947,104.4016,148.3601
211,98.0489,88.6818,104.4016,148.3601
212,97.5532,89.1774,104.4016,148.3601
213,98.0489,90.6645,104.4016,148.3601
214,98.5446,91.1601,104.4016,148.3601
215,98.0489,92.6472,104.4016,148.3601
216,98.5446,92.1515,104.4016,148.3601
217,98.0489,92.6472,104.4016,148.3601
218,98.5446,92.1515,104.4016,148.3601
219,97.3719,91.2677,107.7382,153.1017
220,95.8373,89.7332,107.7382,153.1017
221,96.3489,88.1986,107.7382,153.1017
222,95.8373,86.6641,107.7382,153.1017
223,96.3489,84.1065,107.7382,153.1017
224,95.8373,79.5028,107.7382,153.1017
225,97.3719,74.8991,107.7382,153.1017
226,97.1848,72.9641,111.1816,157.9948
227,97.7127,66.1018,111.1816,157.9948
228,99.2963,59.2395,111.1816,157.9948
229,99.8241,55.5444,111.1816,157.9948
230,100.352,52.9051,111.1816,157.9948
231,100.8799,51.3215,111.1816,157.9948
232,101.4078,49.7379,111.1816,157.9948
233,101.2147,48.7967,114.7349,163.0444
234,101.7594,47.1625,114.7349,163.0444
235,102.3041,46.6178,114.7349,163.0444
236,102.8489,44.9836,114.7349,163.0444
237,104.0553,44.7484,111.2326,158.0674
238,103.5272,45.2765,111.2326,158.0674
239,102.9991,45.8046,111.2326,158.0674
240,103.5272,47.3889,111.2326,158.0674
241,102.9991,47.917,111.2326,158.0674
242,103.5272,48.4451,111.2326,158.0674
243,104.0553,48.9732,111.2326,158.0674
244,104.5834,49.5014,111.2326,158.0674
245,105.1115,50.0295,111.2326,158.0674
246,106.6959,50.5576,111.2326,158.0674
247,107.224,52.1419,111.2326,158.0674
248,107.7521,52.67,111.2326,158.0674
249,108.2802,53.1981,111.2326,158.0674
250,108.8083,53.7262,111.2326,158.0674
251,109.3364,54.2543,111.2326,158.0674
252,109.8645,54.7825,111.2326,158.0674
253,109.3364,56.3668,111.2326,158.0674
254,109.8645,56.8949,111.2326,158.0674
255,110.3926,58.4792,111.2326,158.0674
256,109.8645,59.0073,111.2326,158.0674
257,109.3364,59.5354,111.2326,158.0674
258,109.8645,60.0636,111.2326,158.0674
259,109.3364,60.5917,111.2326,158.0674
260,108.8083,62.176,111.2326,158.0674
261,108.2802,62.7041,111.2326,158.0674
262,108.8083,63.2322,111.2326,158.0674
263,108.2802,63.7603,111.2326,158.0674
264,108.8083,65.3447,111.2326,158.0674
265,108.2802,65.8728,111.2326,158.0674
266,107.7521,66.4009,111.2326,158.0674
267,107.224,65.8728,111.2326,158.0674
268,107.7521,66.4009,111.2326,158.0674
269,107.224,66.929,111.2326,158.0674
270,107.7521,66.4009,111.2326,158.0674
271,108.2802,65.8728,111.2326,158.0674
272,110.506,65.6447,107.8372,153.2423
273,109.994,65.1328,107.8372,153.2423
274,109.482,64.6208,107.8372,153.2423
275,109.994,65.1328,107.8372,153.2423
276,108.458,65.6447,107.8372,153.2423
277,108.97,66.1567,107.8372,153.2423
278,107.4341,65.6447,107.8372,153.2423
279,106.9221,66.1567,107.8372,153.2423
280,105.3861,66.6687,107.8372,153.2423
281,104.8741,67.1807,107.8372,153.2423
282,103.3382,67.6927,107.8372,153.2423
283,102.8262,68.2047,107.8372,153.2423
284,102.3142,67.6927,107.8372,153.2423
285,101.8022,69.2287,107.8372,153.2423
286,101.2902,68.7167,107.8372,153.2423
287,100.7782,69.2287,107.8372,153.2423
288,100.2662,69.7407,107.8372,153.2423
289,99.7542,70.2527,107.8372,153.2423
290,98.2183,69.7407,107.8372,153.2423
291,97.7063,70.2527,107.8372,153.2423
292,97.1943,69.7407,107.8372,153.2423
293,97.7063,70.2527,107.8372,153.2423
294,97.1943,69.7407,107.8372,153.2423
295,97.7063,70.2527,107.8372,153.2423
296,97.1943,69.7407,107.8372,153.2423
297,97.7063,70.2527,107.8372,153.2423
298,97.1943,69.7407,107.8372,153.2423
299,96.6823,70.2527,107.8372,153.2423
300,96.1703,69.7407,107.8372,153.2423
301,96.6823,70.2527,107.8372,153.2423
302,96.1703,69.7407,107.8372,153.2423
303,95.6583,70.2527,107.8372,153.2423
304,95.1463,70.7646,107.8372,153.2423
305,95.6583,71.2766,107.8372,153.2423
306,95.1463,70.7646,107.8372,153.2423
307,95.6583,71.2766,107.8372,153.2423
308,95.1463,70.7646,107.8372,153.2423
309,95.6583,71.2766,107.8372,153.2423
310,95.1463,69.7407,107.8372,153.2423
311,95.6583,70.2527,107.8372,153.2423
312,95.1463,69.7407,107.8372,153.2423
313,95.6583,69.2287,107.8372,153.2423
314,96.1703,69.7407,107.8372,153.2423
315,96.6823,70.2527,107.8372,153.2423
316,96.1703,69.7407,107.8372,153.2423
317,96.6823,70.2527,107.8372,153.2423
318,97.1943,69.7407,107.8372,153.2423
319,97.7063,70.2527,107.8372,153.2423
320,97.1943,69.7407,107.8372,153.2423
321,97.7063,69.2287,107.8372,153.2423
322,96.495,70.3638,111.2837,158.1399
323,97.0234,69.8354,111.2837,158.1399
324,97.5517,69.3071,111.2837,158.1399
325,97.0234,69.8354,111.2837,158.1399
326,97.5517,69.3071,111.2837,158.1399
327,95.9667,68.7787,111.2837,158.1399
328,95.4383,68.2504,111.2837,158.1399
329,94.91,67.722,111.2837,158.1399
330,94.3816,68.2504,111.2837,158.1399
331,92.7966,67.722,111.2837,158.1399
332,92.2682,67.1937,111.2837,158.1399
333,91.7399,67.722,111.2837,158.1399
334,91.2115,68.2504,111.2837,158.1399
335,90.6831,67.722,111.2837,158.1399
336,90.1548,67.1937,111.2837,158.1399
337,89.6264,66.6653,111.2837,158.1399
338,88.0414,67.1937,111.2837,158.1399
339,87.513,66.6653,111.2837,158.1399
340,86.9847,67.1937,111.2837,158.1399
341,86.4563,66.6653,111.2837,158.1399
342,84.8713,67.1937,111.2837,158.1399
343,83.2862,67.722,111.2837,158.1399
344,81.7012,68.2504,111.2837,158.1399
345,79.0594,68.7787,111.2837,158.1399
346,77.4743,70.3638,111.2837,158.1399
347,74.8326,69.8354,111.2837,158.1399
348,73.2475,69.3071,111.2837,158.1399
349,72.7192,67.722,111.2837,158.1399
350,71.1341,68.2504,111.2837,158.1399
351,70.6058,66.6653,111.2837,158.1399
352,71.1341,66.137,111.2837,158.1399
353,71.6625,65.6086,111.2837,158.1399
354,71.1341,66.137,111.2837,158.1399
355,71.6625,66.6653,111.2837,158.1399
356,76.0027,68.5506,107.8867,153.3127
357,75.4905,69.0628,107.8867,153.3127
358,79.6982,70.8906,104.5934,148.6328
359,82.7844,72.6625,101.4007,144.0957
360,83.2658,74.1068,101.4007,144.0957
361,83.7472,73.6254,101.4007,144.0957
362,84.8134,74.3804,98.3054,139.6971
363,85.2802,73.9136,98.3054,139.6971
364,84.8134,74.3804,98.3054,139.6971
365,85.2802,73.9136,98.3054,139.6971
366,84.8134,74.3804,98.3054,139.6971
367,85.2802,72.9802,98.3054,139.6971
368,85.7469,73.4469,98.3054,139.6971
369,86.2137,72.9802,98.3054,139.6971
370,86.6804,73.4469,98.3054,139.6971
371,88.0806,72.9802,98.3054,139.6971
372,89.4808,73.4469,98.3054,139.6971
373,90.881,73.9136,98.3054,139.6971
374,91.3477,74.3804,98.3054,139.6971
375,92.7479,73.9136,98.3054,139.6971
376,93.2147,73.4469,98.3054,139.6971
377,93.6814,73.9136,98.3054,139.6971
378,95.0816,74.3804,98.3054,139.6971
379,95.5483,73.9136,98.3054,139.6971
380,96.0151,73.4469,98.3054,139.6971
381,96.4818,72.9802,98.3054,139.6971
382,96.9485,72.5134,98.3054,139.6971
383,97.4153,72.0467,98.3054,139.6971
384,97.882,71.5799,98.3054,139.6971
385,98.3487,70.1797,98.3054,139.6971
386,99.7489,68.7795,98.3054,139.6971
387,100.2157,68.3128,98.3054,139.6971
388,100.6824,67.8461,98.3054,139.6971
389,101.1491,67.3793,98.3054,139.6971
390,101.6159,66.9126,98.3054,139.6971
391,102.0826,66.4459,98.3054,139.6971
392,102.5494,65.9791,98.3054,139.6971
393,103.0161,66.4459,98.3054,139.6971
394,102.5494,65.9791,98.3054,139.6971
395,103.0161,65.5124,98.3054,139.6971
396,102.5494,65.0457,98.3054,139.6971
397,103.0161,65.5124,98.3054,139.6971
398,103.4828,65.0457,98.3054,139.6971
399,103.9496,65.5124,98.3054,139.6971
400,103.4828,65.0457,98.3054,139.6971
401,103.9496,65.5124,98.3054,139.6971
402,103.4828,65.0457,98.3054,139.6971
403,101.4452,63.28,101.4472,144.1618
404,100.9635,61.8351,101.4472,144.1618
405,98.8607,61.9396,104.6895,148.7693
406,98.3637,60.4485,104.6895,148.7693
407,98.8607,59.9515,104.6895,148.7693
408,99.3578,60.4485,104.6895,148.7693
409,98.8607,58.9574,104.6895,148.7693
410,98.3637,59.4544,104.6895,148.7693
411,98.8607,59.9515,104.6895,148.7693
412,98.3637,60.4485,104.6895,148.7693
413,97.8666,59.9515,104.6895,148.7693
414,97.3696,60.4485,104.6895,148.7693
415,95.1996,61.5505,108.0354,153.5239
416,95.7125,62.0634,108.0354,153.5239
417,95.1996,62.5763,108.0354,153.5239
418,94.6867,63.0893,108.0354,153.5239
419,95.1996,64.6281,108.0354,153.5239
420,94.6867,65.141,108.0354,153.5239
421,95.1996,67.7056,108.0354,153.5239
422,94.6867,68.2186,108.0354,153.5239
423,94.1738,70.7832,108.0354,153.5239
424,93.6608,71.2962,108.0354,153.5239
425,94.1738,71.8091,108.0354,153.5239
426,93.6608,72.322,108.0354,153.5239
427,94.1738,72.8349,108.0354,153.5239
428,93.6608,73.3479,108.0354,153.5239
429,94.1738,72.8349,108.0354,153.5239
430,93.6608,72.322,108.0354,153.5239
431,93.1479,71.8091,108.0354,153.5239
432,93.6608,72.322,108.0354,153.5239
433,94.1738,71.8091,108.0354,153.5239
434,93.6608,72.322,108.0354,153.5239
435,94.1738,71.8091,108.0354,153.5239
436,93.6608,72.322,108.0354,153.5239
437,95.8227,72.1006,104.7375,148.8376
438,95.3254,70.6087,104.7375,148.8376
439,94.8281,70.1115,104.7375,148.8376
440,94.3308,69.6142,104.7375,148.8376
441,92.839,70.1115,104.7375,148.8376
442,93.3363,69.6142,104.7375,148.8376
443,92.839,70.1115,104.7375,148.8376
444,92.6571,70.2194,108.085,153.5944
445,93.1703,69.7062,108.085,153.5944
446,92.6571,71.2457,108.085,153.5944
447,92.144,71.7589,108.085,153.5944
448,90.6045,72.2721,108.085,153.5944
449,90.0913,72.7852,108.085,153.5944
450,88.8773,72.8966,111.5393,158.5033
451,88.3477,71.3079,111.5393,158.5033
452,87.4023,72.1384,108.1346,153.6649
453,88.9425,73.6786,108.1346,153.6649
454,88.0259,75.5105,104.8337,148.9743
455,88.5236,75.0128,104.8337,148.9743
456,89.0213,75.5105,104.8337,148.9743
457,88.1327,77.2866,101.6337,144.4268
458,89.5803,78.7342,101.6337,144.4268
459,90.0629,79.2167,101.6337,144.4268
460,88.6153,79.6992,101.6337,144.4268
461,89.0978,79.2167,101.6337,144.4268
462,88.6153,79.6992,101.6337,144.4268
463,89.0978,79.2167,101.6337,144.4268
464,88.6153,79.6992,101.6337,144.4268
465,88.1327,80.1818,101.6337,144.4268
466,87.6502,80.6643,101.6337,144.4268
467,88.1327,81.1468,101.6337,144.4268
468,87.6502,80.6643,101.6337,144.4268
469,88.1327,81.1468,101.6337,144.4268
470,87.6502,80.6643,101.6337,144.4268
471,88.1327,81.1468,101.6337,144.4268
472,87.6502,81.6294,101.6337,144.4268
473,88.1327,81.1468,101.6337,144.4268
474,87.6502,81.6294,101.6337,144.4268
475,88.1327,81.1468,101.6337,144.4268
476,87.6502,81.6294,101.6337,144.4268
477,88.1327,81.1468,101.6337,144.4268
478,87.6502,80.6643,101.6337,144.4268
479,87.1677,81.1468,101.6337,144.4268
480,87.6502,80.6643,101.6337,144.4268
481,87.1677,80.1818,101.6337,144.4268
482,86.6851,79.6992,101.6337,144.4268
483,87.1677,79.2167,101.6337,144.4268
484,87.6502,79.6992,101.6337,144.4268
485,88.1327,80.1818,101.6337,144.4268
486,87.6502,80.6643,101.6337,144.4268
487,88.1327,80.1818,101.6337,144.4268
488,87.6502,80.6643,101.6337,144.4268
489,88.1327,80.1818,101.6337,144.4268
490,87.6502,80.6643,101.6337,144.4268
491,88.1327,80.1818,101.6337,144.4268
492,87.6502,80.6643,101.6337,144.4268
493,88.1327,80.1818,101.6337,144.4268
494,87.6502,80.6643,101.6337,144.4268
495,87.1677,80.1818,101.6337,144.4268
496,87.6502,80.6643,101.6337,144.4268
497,88.1327,80.1818,101.6337,144.4268
498,87.6502,80.6643,101.6337,144.4268
499,88.1327,80.1818,101.6337,144.4268
500,87.6502,80.6643,101.6337,144.4268
501,87.1677,80.1818,101.6337,144.4268
502,87.6502,80.6643,101.6337,144.4268
503,88.1327,81.1468,101.6337,144.4268
504,87.6502,81.6294,101.6337,144.4268
505,88.1327,82.1119,101.6337,144.4268
506,87.6502,82.5944,101.6337,144.4268
507,88.1327,82.1119,101.6337,144.4268
508,87.6502,82.5944,101.6337,144.4268
509,88.1327,82.1119,101.6337,144.4268
510,87.6502,82.5944,101.6337,144.4268
511,88.1327,83.077,101.6337,144.4268
512,88.6153,82.5944,101.6337,144.4268
513,88.1327,83.077,101.6337,144.4268
514,87.6502,83.5595,101.6337,144.4268
515,87.1677,83.077,101.6337,144.4268
516,86.6851,83.5595,101.6337,144.4268
517,86.2026,83.077,101.6337,144.4268
518,86.6851,83.5595,101.6337,144.4268
519,86.2026,83.077,101.6337,144.4268
520,86.6851,82.5944,101.6337,144.4268
521,87.1677,81.1468,101.6337,144.4268
522,87.6502,81.6294,101.6337,144.4268
523,88.1327,81.1468,101.6337,144.4268
524,87.6502,81.6294,101.6337,144.4268
525,89.0978,82.1119,101.6337,144.4268
526,88.6153,81.6294,101.6337,144.4268
527,89.0978,82.1119,101.6337,144.4268
528,88.2363,83.8337,98.5313,140.0181
529,88.7041,83.3659,98.5313,140.0181
530,88.2363,83.8337,98.5313,140.0181
531,88.7041,84.3015,98.5313,140.0181
532,89.1719,83.8337,98.5313,140.0181
533,88.7041,84.3015,98.5313,140.0181
534,88.2363,83.8337,98.5313,140.0181
535,87.7685,84.3015,98.5313,140.0181
536,88.2363,83.8337,98.5313,140.0181
537,87.7685,84.3015,98.5313,140.0181
538,87.3007,83.8337,98.5313,140.0181
539,87.7685,84.3015,98.5313,140.0181
540,87.3007,84.7693,98.5313,140.0181
541,86.8329,85.2371,98.5313,140.0181
542,87.3007,84.7693,98.5313,140.0181
543,86.8329,84.3015,98.5313,140.0181
544,86.3651,83.8337,98.5313,140.0181
545,86.8329,84.3015,98.5313,140.0181
546,86.3651,83.8337,98.5313,140.0181
547,86.8329,84.3015,98.5313,140.0181
548,86.3651,83.8337,98.5313,140.0181
549,86.8329,84.3015,98.5313,140.0181
550,85.4295,84.7693,98.5313,140.0181
551,85.8973,85.2371,98.5313,140.0181
552,85.4295,84.7693,98.5313,140.0181
553,85.8973,85.2371,98.5313,140.0181
554,85.4295,84.7693,98.5313,140.0181
555,84.9617,85.2371,98.5313,140.0181
556,84.4939,84.7693,98.5313,140.0181
557,84.9617,85.2371,98.5313,140.0181
558,84.4939,83.8337,98.5313,140.0181
559,84.9617,84.3015,98.5313,140.0181
560,83.5583,84.7693,98.5313,140.0181
561,84.0261,85.2371,98.5313,140.0181
562,83.5583,84.7693,98.5313,140.0181
563,84.0261,85.2371,98.5313,140.0181
564,83.5583,85.7049,98.5313,140.0181
565,84.0261,86.1727,98.5313,140.0181
566,84.4939,85.7049,98.5313,140.0181
567,84.9617,86.1727,98.5313,140.0181
568,84.4939,86.6406,98.5313,140.0181
569,84.9617,87.1084,98.5313,140.0181
570,84.4939,87.5762,98.5313,140.0181
571,84.9617,88.044,98.5313,140.0181
572,84.4939,87.5762,98.5313,140.0181
573,84.9617,87.1084,98.5313,140.0181
574,84.4939,87.5762,98.5313,140.0181
575,84.9617,88.044,98.5313,140.0181
576,85.4295,87.5762,98.5313,140.0181
577,85.8973,88.9796,98.5313,140.0181
578,85.4295,89.4474,98.5313,140.0181
579,85.8973,89.9152,98.5313,140.0181
580,85.4295,90.383,98.5313,140.0181
581,84.9617,90.8508,98.5313,140.0181
582,84.4939,92.2542,98.5313,140.0181
583,84.0261,91.7864,98.5313,140.0181
584,83.5583,91.3186,98.5313,140.0181
585,84.0261,87.1084,98.5313,140.0181
586,83.855,85.3387,101.6803,144.4931
587,84.3377,83.8904,101.6803,144.4931
588,86.0922,83.0297,104.93,149.1111
589,87.5867,81.5351,104.93,149.1111
590,87.0885,81.0369,104.93,149.1111
591,88.5831,81.5351,104.93,149.1111
592,89.6864,80.3236,101.727,144.5594
593,91.1354,83.7045,101.727,144.5594
594,91.6183,84.1875,101.727,144.5594
595,92.1013,83.7045,101.727,144.5594
596,92.5843,84.1875,101.727,144.5594
597,93.0673,83.7045,101.727,144.5594
598,93.5503,83.2215,101.727,144.5594
599,94.0332,82.7385,101.727,144.5594
600,94.5162,83.2215,101.727,144.5594
601,94.0332,83.7045,101.727,144.5594
602,94.5162,84.1875,101.727,144.5594
603,94.9992,83.7045,101.727,144.5594
604,95.4822,84.1875,101.727,144.5594
605,94.9992,83.7045,101.727,144.5594
606,95.4822,85.1534,101.727,144.5594
607,95.9652,84.6705,101.727,144.5594
608,96.4481,85.1534,101.727,144.5594
609,95.9652,84.6705,101.727,144.5594
610,96.4481,84.1875,101.727,144.5594
611,95.9652,83.7045,101.727,144.5594
612,96.4481,84.1875,101.727,144.5594
613,96.9311,83.7045,101.727,144.5594
614,98.3801,83.2215,101.727,144.5594
615,99.4497,80.1151,98.6217,140.1467
616,99.9179,79.6469,98.6217,140.1467
617,99.4497,78.2422,98.6217,140.1467
618,98.9815,76.8375,98.6217,140.1467
619,100.0185,75.6988,95.6113,135.8687
620,99.5645,75.2449,95.6113,135.8687
621,100.0185,74.7909,95.6113,135.8687
622,101.9317,72.7791,92.6927,131.7212
623,103.7865,74.3495,89.8632,127.7004
624,104.7314,73.312,87.1201,123.8023
625,104.3178,73.7256,87.1201,123.8023
626,104.7314,73.312,87.1201,123.8023
627,104.3178,72.8983,87.1201,123.8023
628,103.9041,73.312,87.1201,123.8023
629,105.6475,72.3061,84.4608,120.0232
630,107.3376,73.737,81.8826,116.3595
631,106.4178,74.5989,84.4996,120.0783
632,106.0167,74.1977,84.4996,120.0783
633,105.6155,73.7965,84.4996,120.0783
634,106.0167,74.1977,84.4996,120.0783
635,105.6155,73.7965,84.4996,120.0783
636,106.0167,74.1977,84.4996,120.0783
637,104.8131,73.7965,84.4996,120.0783
638,104.4119,74.1977,84.4996,120.0783
639,104.8131,74.5989,84.4996,120.0783
640,104.4119,75.0001,84.4996,120.0783
641,104.8131,74.5989,84.4996,120.0783
642,104.4119,75.0001,84.4996,120.0783
643,104.8131,74.5989,84.4996,120.0783
644,104.4119,75.0001,84.4996,120.0783
645,104.8131,74.5989,84.4996,120.0783
646,104.4119,74.1977,84.4996,120.0783
647,104.8131,73.7965,84.4996,120.0783
648,104.4119,74.1977,84.4996,120.0783
649,104.8131,73.7965,84.4996,120.0783
650,104.4119,74.1977,84.4996,120.0783
651,104.8131,73.7965,84.4996,120.0783
652,104.4119,74.1977,84.4996,120.0783
653,104.8131,73.7965,84.4996,120.0783
654,105.2143,74.1977,84.4996,120.0783
655,105.6155,73.7965,84.4996,120.0783
656,106.0167,73.3953,84.4996,120.0783
657,105.6155,73.7965,84.4996,120.0783
658,106.0167,74.1977,84.4996,120.0783
659,105.6155,73.7965,84.4996,120.0783
660,106.0167,74.1977,84.4996,120.0783
661,105.6155,73.7965,84.4996,120.0783
662,106.0167,74.1977,84.4996,120.0783
663,105.6155,73.7965,84.4996,120.0783
664,106.0167,74.1977,84.4996,120.0783
665,105.6155,73.7965,84.4996,120.0783
666,106.819,74.1977,84.4996,120.0783
667,106.4178,73.7965,84.4996,120.0783
668,106.819,74.1977,84.4996,120.0783
669,106.4178,73.7965,84.4996,120.0783
670,106.819,74.1977,84.4996,120.0783
671,105.6155,73.7965,84.4996,120.0783
672,105.2143,75.0001,84.4996,120.0783
673,104.0107,74.5989,84.4996,120.0783
674,102.8072,75.0001,84.4996,120.0783
675,99.4509,75.0872,87.2002,123.916
676,97.3809,74.6731,87.2002,123.916
677,95.5734,77.2471,89.9871,127.8764
678,92.8537,76.4853,92.8631,131.9633
679,91.531,76.9262,92.8631,131.9633
680,90.2083,77.3671,92.8631,131.9633
681,88.0038,76.9262,92.8631,131.9633
682,86.6812,77.3671,92.8631,131.9633
683,85.3585,76.9262,92.8631,131.9633
684,83.154,76.4853,92.8631,131.9633
685,80.9495,76.9262,92.8631,131.9633
686,80.5086,75.6035,92.8631,131.9633
687,78.3042,74.2808,92.8631,131.9633
688,78.3988,74.0905,90.0284,127.9351
689,78.4906,70.4864,87.2802,124.0298
690,77.2474,69.2433,87.2802,124.0298
691,76.833,70.4864,87.2802,124.0298
692,76.4186,70.072,87.2802,124.0298
693,78.1651,70.7219,84.616,120.2438
694,78.5669,71.1236,84.616,120.2438
695,78.1651,71.5254,84.616,120.2438
696,78.5669,70.3202,84.616,120.2438
697,81.867,71.7537,82.0331,116.5733
698,83.5086,70.0276,79.529,113.0149
699,83.8861,71.1604,79.529,113.0149
700,86.2327,71.7525,77.1013,109.565
701,85.8667,71.3864,77.1013,109.565
702,91.0701,73.4248,74.7478,106.2205
703,91.425,74.4894,74.7478,106.2205
704,91.0701,74.1345,74.7478,106.2205
705,91.425,74.4894,74.7478,106.2205
706,91.0701,74.1345,74.7478,106.2205
707,91.425,74.4894,74.7478,106.2205
708,91.7799,74.1345,74.7478,106.2205
709,92.1348,74.4894,74.7478,106.2205
710,93.6305,73.6264,72.4661,102.9781
711,93.9746,74.6586,72.4661,102.9781
712,94.3186,75.0026,72.4661,102.9781
713,96.4568,76.2303,70.254,99.8347
714,96.7904,75.2296,70.254,99.8347
715,97.1239,74.8961,70.254,99.8347
716,96.7904,75.8967,70.254,99.8347
717,97.1239,75.5632,70.254,99.8347
718,97.4575,75.8967,70.254,99.8347
719,97.791,75.5632,70.254,99.8347
720,98.1246,75.2296,70.254,99.8347
721,97.791,74.8961,70.254,99.8347
722,98.1246,75.2296,70.254,99.8347
723,97.791,74.8961,70.254,99.8347
724,98.1246,74.5625,70.254,99.8347
725,98.4581,74.229,70.254,99.8347
726,98.7917,73.8954,70.254,99.8347
727,99.7923,74.229,70.254,99.8347
728,101.4601,73.8954,70.254,99.8347
729,101.7937,74.229,70.254,99.8347
730,103.4614,73.8954,70.254,99.8347
731,104.4621,73.5619,70.254,99.8347
732,106.1298,73.2283,70.254,99.8347
733,107.1305,72.8948,70.254,99.8347
734,108.1311,73.2283,70.254,99.8347
735,110.466,73.5619,70.254,99.8347
736,112.1338,73.2283,70.254,99.8347
737,113.1344,72.2277,70.254,99.8347
738,114.1351,71.8941,70.254,99.8347
739,115.8028,72.2277,70.254,99.8347
740,117.4706,71.227,70.254,99.8347
741,117.8041,70.8935,70.254,99.8347
742,118.8048,71.227,70.254,99.8347
743,119.1384,70.8935,70.254,99.8347
744,119.4719,71.227,70.254,99.8347
745,119.8055,70.2264,70.254,99.8347
746,120.139,69.8928,70.254,99.8347
747,120.4726,69.5593,70.254,99.8347
748,120.8061,68.5586,70.254,99.8347
749,121.1397,66.8908,70.254,99.8347
750,120.8061,65.8902,70.254,99.8347
751,121.1397,64.8895,70.254,99.8347
752,120.8061,64.556,70.254,99.8347
753,120.017,63.2942,72.4994,103.0254
754,118.9844,62.95,72.4994,103.0254
755,119.3286,61.9173,72.4994,103.0254
756,119.6728,61.5731,72.4994,103.0254
757,120.017,61.2289,72.4994,103.0254
758,119.6728,60.8847,72.4994,103.0254
759,120.017,60.5405,72.4994,103.0254
760,118.9844,60.1963,72.4994,103.0254
761,118.6402,60.5405,72.4994,103.0254
762,118.9844,60.1963,72.4994,103.0254
763,118.6402,61.2289,72.4994,103.0254
764,117.1374,59.9268,74.8164,106.3181
765,116.0718,59.5715,74.8164,106.3181
766,116.427,58.5059,74.8164,106.3181
767,114.6509,58.1507,74.8164,106.3181
768,112.3897,56.8069,77.2076,109.716
769,108.59,54.6871,79.6751,113.2225
770,108.9683,54.3088,79.6751,113.2225
771,108.59,54.6871,79.6751,113.2225
772,108.2117,53.5523,79.6751,113.2225
773,105.8036,52.8778,82.2215,116.8411
774,105.4133,52.4874,82.2215,116.8411
775,104.2421,51.3163,82.2215,116.8411
776,105.4133,50.926,82.2215,116.8411
777,104.2421,52.0971,82.2215,116.8411
778,102.5379,52.9626,84.8493,120.5754
779,102.135,52.5597,84.8493,120.5754
780,101.7322,53.7682,84.8493,120.5754
781,101.3293,53.3654,84.8493,120.5754
782,101.7322,53.7682,84.8493,120.5754
783,100.5236,54.1711,84.8493,120.5754
784,100.9265,54.5739,84.8493,120.5754
785,100.5236,54.9768,84.8493,120.5754
786,101.7322,54.5739,84.8493,120.5754
787,101.3293,54.9768,84.8493,120.5754
788,101.7322,54.5739,84.8493,120.5754
789,101.3293,54.9768,84.8493,120.5754
790,102.5379,54.5739,84.8493,120.5754
791,102.9407,54.1711,84.8493,120.5754
792,102.5379,53.7682,84.8493,120.5754
793,102.9407,54.1711,84.8493,120.5754
794,103.3436,54.5739,84.8493,120.5754
795,103.7464,55.7825,84.8493,120.5754
796,104.1493,55.3796,84.8493,120.5754
797,104.5521,56.5882,84.8493,120.5754
798,105.7607,56.991,84.8493,120.5754
799,106.1635,56.5882,84.8493,120.5754
800,107.372,56.991,84.8493,120.5754
801,108.5806,56.5882,84.8493,120.5754
802,108.9834,56.991,84.8493,120.5754
803,110.192,56.5882,84.8493,120.5754
804,111.4005,56.991,84.8493,120.5754
805,112.6091,56.5882,84.8493,120.5754
806,112.2062,56.991,84.8493,120.5754
807,113.4148,56.5882,84.8493,120.5754
808,113.8176,56.991,84.8493,120.5754
809,114.2205,56.5882,84.8493,120.5754
810,114.6233,56.991,84.8493,120.5754
811,115.0262,57.3939,84.8493,120.5754
812,115.429,58.6024,84.8493,120.5754
813,116.6375,59.0053,84.8493,120.5754
814,117.0404,58.6024,84.8493,120.5754
815,119.0546,59.0053,84.8493,120.5754
816,121.0689,58.6024,84.8493,120.5754
817,123.8888,59.811,84.8493,120.5754
818,125.903,59.4081,84.8493,120.5754
819,128.723,59.811,84.8493,120.5754
820,130.7372,58.6024,84.8493,120.5754
821,132.7514,59.0053,84.8493,120.5754
822,133.96,58.6024,84.8493,120.5754
823,135.9742,59.0053,84.8493,120.5754
824,136.3771,58.6024,84.8493,120.5754
825,137.5856,59.0053,84.8493,120.5754
826,137.9885,58.6024,84.8493,120.5754
827,140.0027,59.0053,84.8493,120.5754
828,141.2112,59.4081,84.8493,120.5754
829,141.6141,59.811,84.8493,120.5754
830,142.0169,59.4081,84.8493,120.5754
831,144.0312,59.811,84.8493,120.5754
832,144.434,59.4081,84.8493,120.5754
833,145.6426,59.811,84.8493,120.5754
834,146.0454,59.4081,84.8493,120.5754
835,147.254,59.811,84.8493,120.5754
836,147.6568,59.4081,84.8493,120.5754
837,148.0597,59.811,84.8493,120.5754
838,148.4625,59.4081,84.8493,120.5754
839,148.8654,59.811,84.8493,120.5754
840,148.4625,59.4081,84.8493,120.5754
841,148.8654,60.6167,84.8493,120.5754
842,148.4625,61.0195,84.8493,120.5754
843,148.8654,60.6167,84.8493,120.5754
844,148.4625,60.2138,84.8493,120.5754
845,148.8654,60.6167,84.8493,120.5754
846,148.4625,61.0195,84.8493,120.5754
847,148.8654,60.6167,84.8493,120.5754
848,148.4625,61.0195,84.8493,120.5754
849,148.8654,60.6167,84.8493,120.5754
850,148.4625,61.0195,84.8493,120.5754
851,148.8654,60.6167,84.8493,120.5754
852,148.4625,61.0195,84.8493,120.5754
853,148.0597,60.6167,84.8493,120.5754
854,147.6568,61.0195,84.8493,120.5754
855,145.6426,60.6167,84.8493,120.5754
856,144.434,61.0195,84.8493,120.5754
857,144.0312,60.6167,84.8493,120.5754
858,142.8226,61.0195,84.8493,120.5754
859,140.8084,60.6167,84.8493,120.5754
860,139.5999,61.0195,84.8493,120.5754
861,137.5856,60.6167,84.8493,120.5754
862,136.3771,61.0195,84.8493,120.5754
863,135.9742,60.6167,84.8493,120.5754
864,135.5714,60.2138,84.8493,120.5754
865,135.1685,59.811,84.8493,120.5754
866,133.96,59.4081,84.8493,120.5754
867,133.5571,59.811,84.8493,120.5754
868,133.1543,59.4081,84.8493,120.5754
869,131.9458,59.0053,84.8493,120.5754
870,130.7372,58.6024,84.8493,120.5754
871,129.5287,59.0053,84.8493,120.5754
872,129.1258,58.6024,84.8493,120.5754
873,127.1116,59.0053,84.8493,120.5754
874,125.0973,58.6024,84.8493,120.5754
875,123.8888,58.1996,84.8493,120.5754
876,121.8746,57.7967,84.8493,120.5754
877,119.0546,54.9768,84.8493,120.5754
878,117.0404,53.7682,84.8493,120.5754
879,113.6703,52.2443,87.5611,124.429
880,111.5916,50.9971,87.5611,124.429
881,110.3445,50.5814,87.5611,124.429
882,109.9288,50.9971,87.5611,124.429
883,110.3445,51.4129,87.5611,124.429
884,109.9288,53.4915,87.5611,124.429
885,110.3445,55.5701,87.5611,124.429
886,109.9288,57.6487,87.5611,124.429
887,110.3445,59.7273,87.5611,124.429
888,110.7602,60.9745,87.5611,124.429
889,111.1759,60.5588,87.5611,124.429
890,111.5916,60.9745,87.5611,124.429
891,111.1759,60.5588,87.5611,124.429
892,111.5916,60.9745,87.5611,124.429
