1,69,48,26,39
2,69.1273,48.1273,26,39
3,69.5092,48.2546,26,39
4,70.4004,48.3819,26,39
5,70.5277,48.7639,26,39
6,70.655,48.1273,26,39
7,71.037,48.5092,26,39
8,70.9097,48.1273,26,39
9,71.5462,48.5092,26,39
10,71.4189,48.1273,26,39
11,71.9431,49.1045,25.2063,37.8095
12,72.0665,48.7342,25.2063,37.8095
13,72.6836,49.3513,25.2063,37.8095
14,72.807,49.2279,25.2063,37.8095
15,74.1647,49.3513,25.2063,37.8095
16,75.5224,49.4748,25.2063,37.8095
17,76.1395,49.5982,25.2063,37.8095
18,76.7566,49.7216,25.2063,37.8095
19,78.3612,50.0919,25.2063,37.8095
20,82.3252,51.2861,24.4369,36.6554
21,83.8808,51.4057,24.4369,36.6554
22,86.3936,52.2434,24.4369,36.6554
23,90.3423,52.8416,24.4369,36.6554
24,90.4619,52.722,24.4369,36.6554
25,94.6499,53.081,24.4369,36.6554
26,99.3166,54.8758,24.4369,36.6554
27,103.2653,55.4741,24.4369,36.6554
28,108.1712,56.7903,24.4369,36.6554
29,113.5558,56.91,24.4369,36.6554
30,113.9148,57.0297,24.4369,36.6554
31,118.2365,58.666,23.691,35.5364
32,123.1223,58.8604,22.9678,34.4517
33,127.0585,58.7479,22.9678,34.4517
34,129.6452,59.3103,22.9678,34.4517
35,132.3575,58.8239,22.2667,33.4
36,133.4605,59.2246,21.587,32.3805
37,135.7984,59.4017,20.928,31.3921
38,137.8599,59.1635,20.2892,30.4338
39,139.1514,59.2629,20.2892,30.4338
40,140.3174,59.2733,20.9377,31.4065
41,141.035,59.3758,20.9377,31.4065
42,141.2521,59.7526,20.2985,30.4478
43,141.5503,60.2496,20.2985,30.4478
44,142.246,60.1502,20.2985,30.4478
45,142.1466,60.0508,20.2985,30.4478
46,141.6497,59.7526,20.2985,30.4478
47,142.4564,60.7143,19.6789,29.5184
48,142.2383,60.339,20.3078,30.4618
49,141.2177,59.7528,20.9569,31.4353
50,141.8454,60.1299,20.3172,30.4758
51,141.348,59.8315,20.3172,30.4758
52,141.6465,59.732,20.3172,30.4758
53,142.1439,60.8263,20.3172,30.4758
54,142.3545,60.3961,19.697,29.5455
55,142.6439,60.8783,19.697,29.5455
56,143.1261,60.589,19.697,29.5455
57,142.8368,61.0712,19.697,29.5455
58,142.5474,60.7819,19.697,29.5455
59,143.2225,60.4926,19.697,29.5455
60,142.9332,60.9748,19.697,29.5455
61,142.6439,60.6854,19.697,29.5455
62,143.319,61.1677,19.697,29.5455
63,143.2225,60.8783,19.697,29.5455
64,143.1261,60.589,19.697,29.5455
65,143.0296,61.2641,19.697,29.5455
66,142.9332,60.9748,19.697,29.5455
67,143.0296,60.8783,19.697,29.5455
68,143.1261,60.7819,19.697,29.5455
69,143.4154,60.6854,19.697,29.5455
70,143.8977,61.5535,19.697,29.5455
71,143.6083,61.457,19.697,29.5455
72,144.0906,61.3606,19.697,29.5455
73,143.9941,61.2641,19.697,29.5455
74,143.8977,61.3606,19.697,29.5455
75,143.9941,61.457,19.697,29.5455
76,144.0906,61.5535,19.697,29.5455
77,144.3799,61.8428,19.697,29.5455
78,144.6693,61.1677,19.697,29.5455
79,144.2581,61.3707,20.3265,30.4897
80,144.3576,61.4702,20.3265,30.4897
81,144.4571,61.5697,20.3265,30.4897
82,144.3576,61.4702,20.3265,30.4897
83,144.059,61.3707,20.3265,30.4897
84,143.7604,61.2712,20.3265,30.4897
85,144.1702,61.637,19.706,29.559
86,142.9158,61.5405,19.706,29.559
87,141.4684,61.251,19.706,29.559
88,140.6,60.7685,19.706,29.559
89,139.1526,60.2861,19.706,29.559
90,138.6701,60.5756,19.706,29.559
91,136.7516,61.1232,19.1045,28.6567
92,134.6689,60.5717,19.7151,29.5726
93,131.6762,60.6683,19.7151,29.5726
94,128.8767,60.7648,19.7151,29.5726
95,125.884,59.896,19.7151,29.5726
96,125.6655,59.713,20.3452,30.5177
97,123.175,60.2111,20.3452,30.5177
98,118.692,60.1115,20.3452,30.5177
99,115.1173,60.6769,19.7241,29.5862
100,110.3848,60.9666,19.7241,29.5862
101,106.2318,60.2906,19.7241,29.5862
102,105.9421,60.5803,19.7241,29.5862
103,101.0164,60.4837,19.7241,29.5862
104,96.9713,60.0661,19.122,28.6831
105,92.5706,58.8488,19.122,28.6831
106,88.7316,58.1934,19.122,28.6831
107,85.08,57.9125,19.122,28.6831
108,85.1736,57.6316,19.122,28.6831
109,82.5272,57.6414,19.7332,29.5998
110,79.3386,57.5448,19.7332,29.5998
111,76.5364,57.2549,19.7332,29.5998
112,74.8085,57.2236,19.1308,28.6962
113,72.2792,56.9425,19.1308,28.6962
114,72.7476,56.6615,19.1308,28.6962
115,70.9678,56.3805,19.1308,28.6962
116,70.1247,57.2236,19.1308,28.6962
117,70.031,57.1299,19.1308,28.6962
118,70.1247,56.8489,19.1308,28.6962
119,70.5931,56.5678,19.1308,28.6962
120,70.1247,57.2236,19.1308,28.6962
121,71.1551,56.5678,19.1308,28.6962
122,71.4362,56.8489,19.1308,28.6962
123,71.3425,56.3805,19.1308,28.6962
124,72.4419,56.5777,19.7422,29.6134
125,72.5386,56.8677,19.7422,29.6134
126,72.6352,56.3843,19.7422,29.6134
127,72.6466,57.1263,19.1396,28.7094
128,72.7403,56.8451,19.1396,28.7094
129,73.0214,56.7514,19.1396,28.7094
130,73.6775,56.6577,19.1396,28.7094
131,73.5837,56.564,19.1396,28.7094
132,73.49,57.4075,19.1396,28.7094
133,73.5837,57.3137,19.1396,28.7094
134,73.6775,57.22,19.1396,28.7094
