1,118,69,114,162
2,1.177304e+02,6.819131e+01,114,162
3,118,6.792175e+01,114,162
4,1.177304e+02,6.765218e+01,114,162
5,118,6.684349e+01,114,162
6,1.177304e+02,6.657393e+01,114,162
7,1.174609e+02,6.630437e+01,114,162
8,1.171913e+02,6.549568e+01,114,162
9,1.169217e+02,6.522611e+01,114,162
10,1.171913e+02,6.549568e+01,114,162
11,1.169217e+02,6.576524e+01,114,162
12,1.166522e+02,6.657393e+01,114,162
13,1.158435e+02,6.684349e+01,114,162
14,1.150348e+02,6.765218e+01,114,162
15,1.115305e+02,6.846087e+01,114,162
16,1.112609e+02,6.926956e+01,114,162
17,1.072175e+02,6.953913e+01,114,162
18,1.064088e+02,7.142607e+01,114,162
19,1.023653e+02,7.169563e+01,114,162
20,1.003174e+02,7.619132e+01,1.110872e+02,1.578608e+02
21,9.805484e+01,7.383325e+01,1.140363e+02,1.620515e+02
22,9.401011e+01,7.356361e+01,1.140363e+02,1.620515e+02
23,9.104397e+01,7.329396e+01,1.140363e+02,1.620515e+02
24,9.077432e+01,7.302431e+01,1.140363e+02,1.620515e+02
25,8.996537e+01,7.221536e+01,1.140363e+02,1.620515e+02
26,8.969572e+01,7.194571e+01,1.140363e+02,1.620515e+02
27,8.942607e+01,7.167606e+01,1.140363e+02,1.620515e+02
28,8.915643e+01,7.140641e+01,1.140363e+02,1.620515e+02
29,8.888678e+01,7.059747e+01,1.140363e+02,1.620515e+02
30,8.861713e+01,6.978852e+01,1.140363e+02,1.620515e+02
31,8.834748e+01,6.844027e+01,1.140363e+02,1.620515e+02
32,8.807783e+01,6.601343e+01,1.140363e+02,1.620515e+02
33,8.780818e+01,6.520448e+01,1.140363e+02,1.620515e+02
34,8.807783e+01,6.493484e+01,1.140363e+02,1.620515e+02
35,8.780818e+01,6.520448e+01,1.140363e+02,1.620515e+02
36,8.807783e+01,6.493484e+01,1.140363e+02,1.620515e+02
37,8.834748e+01,6.520448e+01,1.140363e+02,1.620515e+02
38,8.861713e+01,6.493484e+01,1.140363e+02,1.620515e+02
39,9.034364e+01,6.673546e+01,1.111226e+02,1.579110e+02
40,9.281002e+01,6.490217e+01,1.140726e+02,1.621031e+02
41,9.307976e+01,6.463243e+01,1.140726e+02,1.621031e+02
42,9.480682e+01,6.643363e+01,1.111579e+02,1.579612e+02
43,9.727399e+01,6.512544e+01,1.141089e+02,1.621547e+02
44,9.754381e+01,6.431597e+01,1.141089e+02,1.621547e+02
45,1.015911e+02,6.404615e+01,1.141089e+02,1.621547e+02
46,1.018609e+02,6.377633e+01,1.141089e+02,1.621547e+02
47,1.059083e+02,6.404615e+01,1.141089e+02,1.621547e+02
48,1.083366e+02,6.323669e+01,1.141089e+02,1.621547e+02
49,1.100642e+02,6.503846e+01,1.111933e+02,1.580115e+02
50,1.117477e+02,6.626834e+01,1.083522e+02,1.539742e+02
51,1.155908e+02,6.601214e+01,1.083522e+02,1.539742e+02
52,1.172313e+02,6.772301e+01,1.055837e+02,1.500400e+02
53,1.189789e+02,6.747335e+01,1.055837e+02,1.500400e+02
54,1.213224e+02,6.872738e+01,1.083867e+02,1.540232e+02
55,1.215787e+02,6.795851e+01,1.083867e+02,1.540232e+02
56,1.254230e+02,6.821480e+01,1.083867e+02,1.540232e+02
57,1.256793e+02,6.847109e+01,1.083867e+02,1.540232e+02
58,1.280850e+02,6.975841e+01,1.112640e+02,1.581121e+02
59,1.278219e+02,6.896913e+01,1.112640e+02,1.581121e+02
60,1.280850e+02,7.028460e+01,1.112640e+02,1.581121e+02
61,1.273974e+02,7.213228e+01,1.142178e+02,1.623095e+02
62,1.282076e+02,7.240236e+01,1.142178e+02,1.623095e+02
63,1.299369e+02,7.474601e+01,1.112994e+02,1.581624e+02
64,1.302000e+02,7.553554e+01,1.112994e+02,1.581624e+02
65,1.304632e+02,7.579872e+01,1.112994e+02,1.581624e+02
66,1.312528e+02,7.606190e+01,1.112994e+02,1.581624e+02
67,1.315159e+02,7.685143e+01,1.112994e+02,1.581624e+02
68,1.317791e+02,7.711461e+01,1.112994e+02,1.581624e+02
69,1.337231e+02,7.580475e+01,1.142541e+02,1.623612e+02
70,1.334529e+02,7.715557e+01,1.142541e+02,1.623612e+02
71,1.337231e+02,7.688540e+01,1.142541e+02,1.623612e+02
72,1.339932e+02,7.661524e+01,1.142541e+02,1.623612e+02
73,1.337231e+02,7.634508e+01,1.142541e+02,1.623612e+02
74,1.339932e+02,7.607491e+01,1.142541e+02,1.623612e+02
75,1.342634e+02,7.580475e+01,1.142541e+02,1.623612e+02
76,1.339932e+02,7.553458e+01,1.142541e+02,1.623612e+02
77,1.337231e+02,7.526442e+01,1.142541e+02,1.623612e+02
78,1.339932e+02,7.499425e+01,1.142541e+02,1.623612e+02
79,1.337231e+02,7.472409e+01,1.142541e+02,1.623612e+02
80,1.334529e+02,7.499425e+01,1.142541e+02,1.623612e+02
81,1.315618e+02,7.472409e+01,1.142541e+02,1.623612e+02
82,1.312916e+02,7.499425e+01,1.142541e+02,1.623612e+02
83,1.299408e+02,7.418376e+01,1.142541e+02,1.623612e+02
84,1.285899e+02,7.445393e+01,1.142541e+02,1.623612e+02
85,1.283198e+02,7.418376e+01,1.142541e+02,1.623612e+02
86,1.275093e+02,7.391360e+01,1.142541e+02,1.623612e+02
87,1.266988e+02,7.364343e+01,1.142541e+02,1.623612e+02
88,1.284286e+02,7.544750e+01,1.113349e+02,1.582127e+02
89,1.281653e+02,7.571076e+01,1.113349e+02,1.582127e+02
90,1.227386e+02,7.598005e+01,1.142905e+02,1.624128e+02
91,1.224684e+02,7.516930e+01,1.142905e+02,1.624128e+02
92,1.216576e+02,7.489905e+01,1.142905e+02,1.624128e+02
93,1.208469e+02,7.516930e+01,1.142905e+02,1.624128e+02
94,1.184146e+02,7.543955e+01,1.142905e+02,1.624128e+02
95,1.176039e+02,7.570980e+01,1.142905e+02,1.624128e+02
96,1.173336e+02,7.652055e+01,1.142905e+02,1.624128e+02
97,1.185235e+02,7.886569e+01,1.113703e+02,1.582630e+02
98,1.177334e+02,7.965573e+01,1.113703e+02,1.582630e+02
99,1.174701e+02,7.991907e+01,1.113703e+02,1.582630e+02
100,1.166800e+02,8.018242e+01,1.113703e+02,1.582630e+02
101,1.112516e+02,7.834504e+01,1.143269e+02,1.624645e+02
102,1.109812e+02,7.807470e+01,1.143269e+02,1.624645e+02
103,1.107109e+02,7.780436e+01,1.143269e+02,1.624645e+02
104,1.104406e+02,7.753403e+01,1.143269e+02,1.624645e+02
105,1.101702e+02,7.780436e+01,1.143269e+02,1.624645e+02
106,1.093592e+02,7.753403e+01,1.143269e+02,1.624645e+02
107,1.090889e+02,7.780436e+01,1.143269e+02,1.624645e+02
108,1.088186e+02,7.753403e+01,1.143269e+02,1.624645e+02
109,1.090889e+02,7.780436e+01,1.143269e+02,1.624645e+02
110,1.088186e+02,7.753403e+01,1.143269e+02,1.624645e+02
111,1.090889e+02,7.780436e+01,1.143269e+02,1.624645e+02
112,1.088186e+02,7.807470e+01,1.143269e+02,1.624645e+02
113,1.090889e+02,7.834504e+01,1.143269e+02,1.624645e+02
114,1.088186e+02,7.861537e+01,1.143269e+02,1.624645e+02
115,1.090889e+02,7.888571e+01,1.143269e+02,1.624645e+02
116,1.088186e+02,7.861537e+01,1.143269e+02,1.624645e+02
117,1.090889e+02,7.942638e+01,1.143269e+02,1.624645e+02
118,1.088186e+02,7.969672e+01,1.143269e+02,1.624645e+02
119,1.090889e+02,7.996705e+01,1.143269e+02,1.624645e+02
120,1.088186e+02,7.969672e+01,1.143269e+02,1.624645e+02
121,1.090889e+02,7.996705e+01,1.143269e+02,1.624645e+02
122,1.088186e+02,7.969672e+01,1.143269e+02,1.624645e+02
123,1.090889e+02,7.996705e+01,1.143269e+02,1.624645e+02
124,1.088186e+02,7.969672e+01,1.143269e+02,1.624645e+02
125,1.090889e+02,7.996705e+01,1.143269e+02,1.624645e+02
126,1.088186e+02,7.969672e+01,1.143269e+02,1.624645e+02
127,1.090889e+02,7.996705e+01,1.143269e+02,1.624645e+02
128,1.088186e+02,7.969672e+01,1.143269e+02,1.624645e+02
129,1.085482e+02,7.996705e+01,1.143269e+02,1.624645e+02
130,1.082779e+02,7.969672e+01,1.143269e+02,1.624645e+02
131,1.080075e+02,7.996705e+01,1.143269e+02,1.624645e+02
132,1.077372e+02,7.969672e+01,1.143269e+02,1.624645e+02
133,1.080075e+02,7.996705e+01,1.143269e+02,1.624645e+02
134,1.077372e+02,7.969672e+01,1.143269e+02,1.624645e+02
135,1.080075e+02,7.942638e+01,1.143269e+02,1.624645e+02
136,1.077372e+02,7.915604e+01,1.143269e+02,1.624645e+02
137,1.064900e+02,7.672921e+01,1.173619e+02,1.667775e+02
138,1.082669e+02,7.747230e+01,1.143632e+02,1.625162e+02
139,1.090781e+02,7.720188e+01,1.143632e+02,1.625162e+02
140,1.093486e+02,7.747230e+01,1.143632e+02,1.625162e+02
141,1.090781e+02,7.720188e+01,1.143632e+02,1.625162e+02
142,1.093486e+02,7.747230e+01,1.143632e+02,1.625162e+02
143,1.085373e+02,7.666103e+01,1.143632e+02,1.625162e+02
144,1.082669e+02,7.639061e+01,1.143632e+02,1.625162e+02
145,1.079964e+02,7.557934e+01,1.143632e+02,1.625162e+02
146,1.077260e+02,7.476808e+01,1.143632e+02,1.625162e+02
147,1.074556e+02,7.449765e+01,1.143632e+02,1.625162e+02
148,1.066443e+02,7.422723e+01,1.143632e+02,1.625162e+02
149,1.063739e+02,7.449765e+01,1.143632e+02,1.625162e+02
150,1.055626e+02,7.422723e+01,1.143632e+02,1.625162e+02
151,1.052922e+02,7.449765e+01,1.143632e+02,1.625162e+02
152,1.050218e+02,7.422723e+01,1.143632e+02,1.625162e+02
153,1.047514e+02,7.395681e+01,1.143632e+02,1.625162e+02
154,1.044810e+02,7.368639e+01,1.143632e+02,1.625162e+02
155,1.036697e+02,7.287512e+01,1.143632e+02,1.625162e+02
156,1.033993e+02,7.260470e+01,1.143632e+02,1.625162e+02
157,1.031288e+02,7.233428e+01,1.143632e+02,1.625162e+02
158,1.028584e+02,7.206385e+01,1.143632e+02,1.625162e+02
159,1.025880e+02,7.233428e+01,1.143632e+02,1.625162e+02
160,1.023176e+02,7.206385e+01,1.143632e+02,1.625162e+02
161,1.020472e+02,7.233428e+01,1.143632e+02,1.625162e+02
162,1.017767e+02,7.206385e+01,1.143632e+02,1.625162e+02
163,1.015063e+02,7.179343e+01,1.143632e+02,1.625162e+02
164,1.012359e+02,7.206385e+01,1.143632e+02,1.625162e+02
165,1.015063e+02,7.233428e+01,1.143632e+02,1.625162e+02
166,1.017767e+02,7.206385e+01,1.143632e+02,1.625162e+02
167,1.020472e+02,7.233428e+01,1.143632e+02,1.625162e+02
168,1.023176e+02,7.260470e+01,1.143632e+02,1.625162e+02
169,1.025880e+02,7.287512e+01,1.143632e+02,1.625162e+02
170,1.023176e+02,7.314554e+01,1.143632e+02,1.625162e+02
171,1.025880e+02,7.341596e+01,1.143632e+02,1.625162e+02
172,1.023176e+02,7.314554e+01,1.143632e+02,1.625162e+02
173,1.025880e+02,7.341596e+01,1.143632e+02,1.625162e+02
174,1.023176e+02,7.314554e+01,1.143632e+02,1.625162e+02
175,1.025880e+02,7.341596e+01,1.143632e+02,1.625162e+02
176,1.023176e+02,7.368639e+01,1.143632e+02,1.625162e+02
177,1.025880e+02,7.449765e+01,1.143632e+02,1.625162e+02
178,1.023176e+02,7.476808e+01,1.143632e+02,1.625162e+02
179,1.025880e+02,7.612019e+01,1.143632e+02,1.625162e+02
180,9.999271e+01,8.063020e+01,1.114412e+02,1.583638e+02
181,1.007832e+02,8.089371e+01,1.114412e+02,1.583638e+02
182,1.010468e+02,8.221127e+01,1.114412e+02,1.583638e+02
183,1.013103e+02,8.352884e+01,1.114412e+02,1.583638e+02
184,1.010468e+02,8.379235e+01,1.114412e+02,1.583638e+02
185,1.007832e+02,8.458289e+01,1.114412e+02,1.583638e+02
186,1.005197e+02,8.484640e+01,1.114412e+02,1.583638e+02
187,1.013103e+02,8.563694e+01,1.114412e+02,1.583638e+02
188,1.015738e+02,8.590045e+01,1.114412e+02,1.583638e+02
189,1.018373e+02,8.616396e+01,1.114412e+02,1.583638e+02
190,1.015738e+02,8.642748e+01,1.114412e+02,1.583638e+02
191,1.023643e+02,8.616396e+01,1.114412e+02,1.583638e+02
192,1.026278e+02,8.642748e+01,1.114412e+02,1.583638e+02
193,1.028913e+02,8.616396e+01,1.114412e+02,1.583638e+02
194,1.026278e+02,8.695450e+01,1.114412e+02,1.583638e+02
195,1.028913e+02,8.721801e+01,1.114412e+02,1.583638e+02
196,1.026278e+02,8.748153e+01,1.114412e+02,1.583638e+02
197,1.028913e+02,8.721801e+01,1.114412e+02,1.583638e+02
198,1.026278e+02,8.748153e+01,1.114412e+02,1.583638e+02
199,1.028913e+02,8.721801e+01,1.114412e+02,1.583638e+02
200,1.026278e+02,8.748153e+01,1.114412e+02,1.583638e+02
201,1.028913e+02,8.774504e+01,1.114412e+02,1.583638e+02
202,1.026278e+02,8.800855e+01,1.114412e+02,1.583638e+02
203,1.028913e+02,8.827206e+01,1.114412e+02,1.583638e+02
204,1.026278e+02,8.853558e+01,1.114412e+02,1.583638e+02
205,1.028913e+02,8.827206e+01,1.114412e+02,1.583638e+02
206,1.026278e+02,8.853558e+01,1.114412e+02,1.583638e+02
207,1.028913e+02,8.827206e+01,1.114412e+02,1.583638e+02
208,1.026278e+02,8.853558e+01,1.114412e+02,1.583638e+02
209,1.028913e+02,8.827206e+01,1.114412e+02,1.583638e+02
210,1.026278e+02,8.958963e+01,1.114412e+02,1.583638e+02
211,1.023643e+02,8.985314e+01,1.114412e+02,1.583638e+02
212,1.021008e+02,9.064368e+01,1.114412e+02,1.583638e+02
213,1.018373e+02,9.143422e+01,1.114412e+02,1.583638e+02
214,1.015738e+02,9.380583e+01,1.114412e+02,1.583638e+02
215,1.018373e+02,9.406934e+01,1.114412e+02,1.583638e+02
216,1.015738e+02,9.485988e+01,1.114412e+02,1.583638e+02
217,1.018373e+02,9.512339e+01,1.114412e+02,1.583638e+02
218,1.015738e+02,9.485988e+01,1.114412e+02,1.583638e+02
219,1.013103e+02,9.459637e+01,1.114412e+02,1.583638e+02
220,1.010468e+02,9.433286e+01,1.114412e+02,1.583638e+02
221,1.007832e+02,9.143422e+01,1.114412e+02,1.583638e+02
222,1.005197e+02,8.958963e+01,1.114412e+02,1.583638e+02
223,1.007832e+02,8.616396e+01,1.114412e+02,1.583638e+02
224,1.005197e+02,8.221127e+01,1.114412e+02,1.583638e+02
225,1.007832e+02,7.825858e+01,1.114412e+02,1.583638e+02
226,1.010468e+02,7.430589e+01,1.114412e+02,1.583638e+02
227,1.013103e+02,7.035320e+01,1.114412e+02,1.583638e+02
228,1.021008e+02,6.587349e+01,1.114412e+02,1.583638e+02
229,1.023643e+02,6.244782e+01,1.114412e+02,1.583638e+02
230,1.042089e+02,5.849513e+01,1.114412e+02,1.583638e+02
231,1.044724e+02,5.770459e+01,1.114412e+02,1.583638e+02
232,1.047359e+02,5.586000e+01,1.114412e+02,1.583638e+02
233,1.049994e+02,5.506947e+01,1.114412e+02,1.583638e+02
234,1.032567e+02,5.270389e+01,1.143996e+02,1.625679e+02
235,1.035272e+02,5.189236e+01,1.143996e+02,1.625679e+02
236,1.032567e+02,5.162186e+01,1.143996e+02,1.625679e+02
237,1.035272e+02,5.135135e+01,1.143996e+02,1.625679e+02
238,1.032567e+02,5.108084e+01,1.143996e+02,1.625679e+02
239,1.035272e+02,5.135135e+01,1.143996e+02,1.625679e+02
240,1.032567e+02,5.162186e+01,1.143996e+02,1.625679e+02
241,1.035272e+02,5.243338e+01,1.143996e+02,1.625679e+02
242,1.037977e+02,5.270389e+01,1.143996e+02,1.625679e+02
243,1.040682e+02,5.351541e+01,1.143996e+02,1.625679e+02
244,1.054208e+02,5.432694e+01,1.143996e+02,1.625679e+02
245,1.056913e+02,5.459745e+01,1.143996e+02,1.625679e+02
246,1.059618e+02,5.540897e+01,1.143996e+02,1.625679e+02
247,1.073143e+02,5.567948e+01,1.143996e+02,1.625679e+02
248,1.075848e+02,5.811405e+01,1.143996e+02,1.625679e+02
249,1.078553e+02,5.838456e+01,1.143996e+02,1.625679e+02
250,1.092079e+02,5.865507e+01,1.143996e+02,1.625679e+02
251,1.094784e+02,5.946659e+01,1.143996e+02,1.625679e+02
252,1.097489e+02,6.027812e+01,1.143996e+02,1.625679e+02
253,1.100194e+02,6.108964e+01,1.143996e+02,1.625679e+02
254,1.102899e+02,6.352422e+01,1.143996e+02,1.625679e+02
255,1.105604e+02,6.379473e+01,1.143996e+02,1.625679e+02
256,1.102899e+02,6.460625e+01,1.143996e+02,1.625679e+02
257,1.105604e+02,6.487676e+01,1.143996e+02,1.625679e+02
258,1.102899e+02,6.622930e+01,1.143996e+02,1.625679e+02
259,1.105604e+02,6.649981e+01,1.143996e+02,1.625679e+02
260,1.102899e+02,6.785235e+01,1.143996e+02,1.625679e+02
261,1.100194e+02,6.866387e+01,1.143996e+02,1.625679e+02
262,1.097489e+02,6.947540e+01,1.143996e+02,1.625679e+02
263,1.094784e+02,7.028692e+01,1.143996e+02,1.625679e+02
264,1.092079e+02,7.055743e+01,1.143996e+02,1.625679e+02
265,1.094784e+02,7.136896e+01,1.143996e+02,1.625679e+02
266,1.092079e+02,7.163947e+01,1.143996e+02,1.625679e+02
267,1.094784e+02,7.190997e+01,1.143996e+02,1.625679e+02
268,1.092079e+02,7.272150e+01,1.143996e+02,1.625679e+02
269,1.094784e+02,7.299201e+01,1.143996e+02,1.625679e+02
270,1.092079e+02,7.326251e+01,1.143996e+02,1.625679e+02
271,1.089374e+02,7.299201e+01,1.143996e+02,1.625679e+02
272,1.086669e+02,7.326251e+01,1.143996e+02,1.625679e+02
273,1.083964e+02,7.299201e+01,1.143996e+02,1.625679e+02
274,1.081259e+02,7.380353e+01,1.143996e+02,1.625679e+02
275,1.078553e+02,7.407404e+01,1.143996e+02,1.625679e+02
276,1.075848e+02,7.488556e+01,1.143996e+02,1.625679e+02
277,1.073143e+02,7.515607e+01,1.143996e+02,1.625679e+02
278,1.054208e+02,7.596760e+01,1.143996e+02,1.625679e+02
279,1.051503e+02,7.623811e+01,1.143996e+02,1.625679e+02
280,1.048798e+02,7.596760e+01,1.143996e+02,1.625679e+02
281,1.040682e+02,7.623811e+01,1.143996e+02,1.625679e+02
282,1.032567e+02,7.650861e+01,1.143996e+02,1.625679e+02
283,1.029862e+02,7.732014e+01,1.143996e+02,1.625679e+02
284,1.021747e+02,7.759065e+01,1.143996e+02,1.625679e+02
285,1.013631e+02,7.786115e+01,1.143996e+02,1.625679e+02
286,9.930804e+01,7.966752e+01,1.114766e+02,1.584142e+02
287,9.957164e+01,7.993111e+01,1.114766e+02,1.584142e+02
288,9.983523e+01,8.072190e+01,1.114766e+02,1.584142e+02
289,9.809194e+01,7.940996e+01,1.144360e+02,1.626196e+02
290,9.782134e+01,7.968055e+01,1.144360e+02,1.626196e+02
291,9.755075e+01,7.995115e+01,1.144360e+02,1.626196e+02
292,9.673896e+01,8.022174e+01,1.144360e+02,1.626196e+02
293,9.646837e+01,7.995115e+01,1.144360e+02,1.626196e+02
294,9.619778e+01,8.076293e+01,1.144360e+02,1.626196e+02
295,9.646837e+01,8.103353e+01,1.144360e+02,1.626196e+02
296,9.619778e+01,8.130412e+01,1.144360e+02,1.626196e+02
297,9.592718e+01,8.103353e+01,1.144360e+02,1.626196e+02
298,9.565659e+01,8.130412e+01,1.144360e+02,1.626196e+02
299,9.538599e+01,8.103353e+01,1.144360e+02,1.626196e+02
300,9.511540e+01,8.130412e+01,1.144360e+02,1.626196e+02
301,9.538599e+01,8.103353e+01,1.144360e+02,1.626196e+02
302,9.511540e+01,8.130412e+01,1.144360e+02,1.626196e+02
303,9.484480e+01,8.103353e+01,1.144360e+02,1.626196e+02
304,9.457421e+01,8.184531e+01,1.144360e+02,1.626196e+02
305,9.430362e+01,8.211590e+01,1.144360e+02,1.626196e+02
306,9.403302e+01,8.238650e+01,1.144360e+02,1.626196e+02
307,9.430362e+01,8.265709e+01,1.144360e+02,1.626196e+02
308,9.403302e+01,8.238650e+01,1.144360e+02,1.626196e+02
309,9.430362e+01,8.211590e+01,1.144360e+02,1.626196e+02
310,9.403302e+01,8.184531e+01,1.144360e+02,1.626196e+02
311,9.430362e+01,8.157471e+01,1.144360e+02,1.626196e+02
312,9.457421e+01,8.076293e+01,1.144360e+02,1.626196e+02
313,9.484480e+01,8.049234e+01,1.144360e+02,1.626196e+02
314,9.511540e+01,8.022174e+01,1.144360e+02,1.626196e+02
315,9.538599e+01,7.995115e+01,1.144360e+02,1.626196e+02
316,9.511540e+01,8.022174e+01,1.144360e+02,1.626196e+02
317,9.592718e+01,7.995115e+01,1.144360e+02,1.626196e+02
318,9.619778e+01,7.968055e+01,1.144360e+02,1.626196e+02
319,9.646837e+01,7.940996e+01,1.144360e+02,1.626196e+02
320,9.619778e+01,7.913936e+01,1.144360e+02,1.626196e+02
321,9.646837e+01,7.886877e+01,1.144360e+02,1.626196e+02
322,9.673896e+01,7.859818e+01,1.144360e+02,1.626196e+02
323,9.700956e+01,7.778639e+01,1.144360e+02,1.626196e+02
324,9.728015e+01,7.751580e+01,1.144360e+02,1.626196e+02
325,9.755075e+01,7.724520e+01,1.144360e+02,1.626196e+02
326,9.728015e+01,7.643342e+01,1.144360e+02,1.626196e+02
327,9.755075e+01,7.616283e+01,1.144360e+02,1.626196e+02
328,9.673896e+01,7.589223e+01,1.144360e+02,1.626196e+02
329,9.646837e+01,7.562164e+01,1.144360e+02,1.626196e+02
330,9.565659e+01,7.535104e+01,1.144360e+02,1.626196e+02
331,9.484480e+01,7.453926e+01,1.144360e+02,1.626196e+02
332,9.403302e+01,7.426867e+01,1.144360e+02,1.626196e+02
333,9.376243e+01,7.453926e+01,1.144360e+02,1.626196e+02
334,9.240946e+01,7.426867e+01,1.144360e+02,1.626196e+02
335,9.159767e+01,7.399807e+01,1.144360e+02,1.626196e+02
336,9.132708e+01,7.426867e+01,1.144360e+02,1.626196e+02
337,9.051530e+01,7.399807e+01,1.144360e+02,1.626196e+02
338,8.970351e+01,7.372748e+01,1.144360e+02,1.626196e+02
339,8.943292e+01,7.399807e+01,1.144360e+02,1.626196e+02
340,8.807995e+01,7.426867e+01,1.144360e+02,1.626196e+02
341,8.780935e+01,7.399807e+01,1.144360e+02,1.626196e+02
342,8.429163e+01,7.480986e+01,1.144360e+02,1.626196e+02
343,8.402103e+01,7.508045e+01,1.144360e+02,1.626196e+02
344,8.212687e+01,7.643342e+01,1.144360e+02,1.626196e+02
345,8.023271e+01,7.670402e+01,1.144360e+02,1.626196e+02
346,7.725617e+01,7.697461e+01,1.144360e+02,1.626196e+02
347,7.590320e+01,7.724520e+01,1.144360e+02,1.626196e+02
348,7.346785e+01,7.697461e+01,1.144360e+02,1.626196e+02
349,7.157369e+01,7.724520e+01,1.144360e+02,1.626196e+02
350,7.076191e+01,7.697461e+01,1.144360e+02,1.626196e+02
351,7.049132e+01,7.670402e+01,1.144360e+02,1.626196e+02
352,6.967953e+01,7.643342e+01,1.144360e+02,1.626196e+02
353,6.940894e+01,7.616283e+01,1.144360e+02,1.626196e+02
354,6.859716e+01,7.589223e+01,1.144360e+02,1.626196e+02
355,6.832656e+01,7.616283e+01,1.144360e+02,1.626196e+02
356,6.859716e+01,7.643342e+01,1.144360e+02,1.626196e+02
357,6.832656e+01,7.616283e+01,1.144360e+02,1.626196e+02
358,6.805597e+01,7.751580e+01,1.144360e+02,1.626196e+02
359,6.832656e+01,7.724520e+01,1.144360e+02,1.626196e+02
360,6.859716e+01,7.697461e+01,1.144360e+02,1.626196e+02
361,6.886775e+01,7.724520e+01,1.144360e+02,1.626196e+02
362,6.913835e+01,7.697461e+01,1.144360e+02,1.626196e+02
363,6.886775e+01,7.778639e+01,1.144360e+02,1.626196e+02
364,6.913835e+01,7.751580e+01,1.144360e+02,1.626196e+02
365,6.940894e+01,7.724520e+01,1.144360e+02,1.626196e+02
366,6.913835e+01,7.697461e+01,1.144360e+02,1.626196e+02
367,6.995013e+01,7.724520e+01,1.144360e+02,1.626196e+02
368,7.022072e+01,7.697461e+01,1.144360e+02,1.626196e+02
369,7.103251e+01,7.724520e+01,1.144360e+02,1.626196e+02
370,7.184429e+01,7.697461e+01,1.144360e+02,1.626196e+02
371,7.265607e+01,7.724520e+01,1.144360e+02,1.626196e+02
372,7.346785e+01,7.697461e+01,1.144360e+02,1.626196e+02
373,7.427964e+01,7.724520e+01,1.144360e+02,1.626196e+02
374,7.563261e+01,7.697461e+01,1.144360e+02,1.626196e+02
375,7.590320e+01,7.724520e+01,1.144360e+02,1.626196e+02
376,7.411363e+01,7.481605e+01,1.174740e+02,1.669367e+02
377,7.978107e+01,7.667096e+01,1.144724e+02,1.626714e+02
378,7.951039e+01,7.640028e+01,1.144724e+02,1.626714e+02
379,7.923971e+01,7.612960e+01,1.144724e+02,1.626714e+02
380,8.005175e+01,7.694164e+01,1.144724e+02,1.626714e+02
381,8.032243e+01,7.667096e+01,1.144724e+02,1.626714e+02
382,8.059311e+01,7.640028e+01,1.144724e+02,1.626714e+02
383,8.086379e+01,7.558824e+01,1.144724e+02,1.626714e+02
384,8.167583e+01,7.477620e+01,1.144724e+02,1.626714e+02
385,8.194651e+01,7.342280e+01,1.144724e+02,1.626714e+02
386,8.275856e+01,7.261076e+01,1.144724e+02,1.626714e+02
387,8.302924e+01,7.179871e+01,1.144724e+02,1.626714e+02
388,8.329992e+01,7.152803e+01,1.144724e+02,1.626714e+02
389,8.357060e+01,7.125735e+01,1.144724e+02,1.626714e+02
390,8.232181e+01,6.882743e+01,1.175114e+02,1.669898e+02
391,8.259968e+01,6.799383e+01,1.175114e+02,1.669898e+02
392,8.287754e+01,6.771597e+01,1.175114e+02,1.669898e+02
393,8.854679e+01,6.957146e+01,1.145089e+02,1.627231e+02
394,8.719296e+01,6.930070e+01,1.145089e+02,1.627231e+02
395,8.746373e+01,6.902993e+01,1.145089e+02,1.627231e+02
396,8.719296e+01,6.875916e+01,1.145089e+02,1.627231e+02
397,8.540224e+01,6.632847e+01,1.175488e+02,1.670430e+02
398,8.568020e+01,6.605051e+01,1.175488e+02,1.670430e+02
399,8.595815e+01,6.577256e+01,1.175488e+02,1.670430e+02
400,8.623611e+01,6.605051e+01,1.175488e+02,1.670430e+02
401,8.595815e+01,6.577256e+01,1.175488e+02,1.670430e+02
402,8.623611e+01,6.549460e+01,1.175488e+02,1.670430e+02
403,8.706997e+01,6.521665e+01,1.175488e+02,1.670430e+02
404,8.790383e+01,6.493869e+01,1.175488e+02,1.670430e+02
405,8.818179e+01,6.521665e+01,1.175488e+02,1.670430e+02
406,9.329693e+01,6.707274e+01,1.145453e+02,1.627749e+02
407,9.302608e+01,6.842700e+01,1.145453e+02,1.627749e+02
408,9.329693e+01,6.815615e+01,1.145453e+02,1.627749e+02
409,9.356779e+01,6.788529e+01,1.145453e+02,1.627749e+02
410,9.383864e+01,6.815615e+01,1.145453e+02,1.627749e+02
411,9.410949e+01,6.788529e+01,1.145453e+02,1.627749e+02
412,9.438034e+01,6.815615e+01,1.145453e+02,1.627749e+02
413,9.410949e+01,6.788529e+01,1.145453e+02,1.627749e+02
414,9.383864e+01,6.815615e+01,1.145453e+02,1.627749e+02
415,9.356779e+01,6.788529e+01,1.145453e+02,1.627749e+02
416,9.329693e+01,6.869785e+01,1.145453e+02,1.627749e+02
417,9.302608e+01,6.896871e+01,1.145453e+02,1.627749e+02
418,9.275523e+01,7.086467e+01,1.145453e+02,1.627749e+02
419,9.248437e+01,7.113553e+01,1.145453e+02,1.627749e+02
420,9.221352e+01,7.194808e+01,1.145453e+02,1.627749e+02
421,9.248437e+01,7.601087e+01,1.145453e+02,1.627749e+02
422,9.221352e+01,7.628173e+01,1.145453e+02,1.627749e+02
423,9.194267e+01,7.709429e+01,1.145453e+02,1.627749e+02
424,9.167182e+01,8.007366e+01,1.145453e+02,1.627749e+02
425,9.140096e+01,8.034452e+01,1.145453e+02,1.627749e+02
426,9.113011e+01,8.007366e+01,1.145453e+02,1.627749e+02
427,9.140096e+01,8.034452e+01,1.145453e+02,1.627749e+02
428,9.113011e+01,8.007366e+01,1.145453e+02,1.627749e+02
429,9.140096e+01,8.034452e+01,1.145453e+02,1.627749e+02
430,9.113011e+01,8.007366e+01,1.145453e+02,1.627749e+02
431,9.140096e+01,8.034452e+01,1.145453e+02,1.627749e+02
432,9.113011e+01,8.007366e+01,1.145453e+02,1.627749e+02
433,9.140096e+01,8.034452e+01,1.145453e+02,1.627749e+02
434,9.113011e+01,8.007366e+01,1.145453e+02,1.627749e+02
435,9.140096e+01,8.034452e+01,1.145453e+02,1.627749e+02
436,9.113011e+01,8.007366e+01,1.145453e+02,1.627749e+02
437,9.140096e+01,8.034452e+01,1.145453e+02,1.627749e+02
438,9.113011e+01,8.007366e+01,1.145453e+02,1.627749e+02
439,9.140096e+01,8.034452e+01,1.145453e+02,1.627749e+02
440,9.167182e+01,8.007366e+01,1.145453e+02,1.627749e+02
441,9.194267e+01,7.980281e+01,1.145453e+02,1.627749e+02
442,9.221352e+01,7.953196e+01,1.145453e+02,1.627749e+02
443,9.248437e+01,7.926111e+01,1.145453e+02,1.627749e+02
444,9.221352e+01,7.899025e+01,1.145453e+02,1.627749e+02
445,9.340603e+01,8.134062e+01,1.116186e+02,1.586159e+02
446,9.314210e+01,8.107669e+01,1.116186e+02,1.586159e+02
447,9.340603e+01,8.081276e+01,1.116186e+02,1.586159e+02
448,9.314210e+01,8.054883e+01,1.116186e+02,1.586159e+02
449,9.340603e+01,8.081276e+01,1.116186e+02,1.586159e+02
450,9.314210e+01,8.054883e+01,1.116186e+02,1.586159e+02
451,9.340603e+01,8.081276e+01,1.116186e+02,1.586159e+02
452,9.314210e+01,8.107669e+01,1.116186e+02,1.586159e+02
453,9.340603e+01,8.134062e+01,1.116186e+02,1.586159e+02
454,9.314210e+01,8.160455e+01,1.116186e+02,1.586159e+02
455,9.340603e+01,8.239635e+01,1.116186e+02,1.586159e+02
456,9.314210e+01,8.266028e+01,1.116186e+02,1.586159e+02
457,9.340603e+01,8.345208e+01,1.116186e+02,1.586159e+02
458,9.261424e+01,8.371601e+01,1.116186e+02,1.586159e+02
459,9.235030e+01,8.397994e+01,1.116186e+02,1.586159e+02
460,9.208637e+01,8.424388e+01,1.116186e+02,1.586159e+02
461,9.182244e+01,8.450781e+01,1.116186e+02,1.586159e+02
462,9.155851e+01,8.477174e+01,1.116186e+02,1.586159e+02
463,9.129457e+01,8.450781e+01,1.116186e+02,1.586159e+02
464,9.103064e+01,8.477174e+01,1.116186e+02,1.586159e+02
465,9.129457e+01,8.503567e+01,1.116186e+02,1.586159e+02
466,9.103064e+01,8.529961e+01,1.116186e+02,1.586159e+02
467,9.219268e+01,8.811778e+01,1.087666e+02,1.545631e+02
468,9.193550e+01,8.837497e+01,1.087666e+02,1.545631e+02
469,9.167831e+01,8.811778e+01,1.087666e+02,1.545631e+02
470,9.142112e+01,8.837497e+01,1.087666e+02,1.545631e+02
471,9.116393e+01,8.811778e+01,1.087666e+02,1.545631e+02
472,9.090674e+01,8.888935e+01,1.087666e+02,1.545631e+02
473,9.116393e+01,8.914654e+01,1.087666e+02,1.545631e+02
474,9.090674e+01,8.888935e+01,1.087666e+02,1.545631e+02
475,9.116393e+01,8.914654e+01,1.087666e+02,1.545631e+02
476,9.090674e+01,8.940373e+01,1.087666e+02,1.545631e+02
477,9.116393e+01,8.914654e+01,1.087666e+02,1.545631e+02
478,9.090674e+01,8.888935e+01,1.087666e+02,1.545631e+02
479,9.116393e+01,8.914654e+01,1.087666e+02,1.545631e+02
480,9.090674e+01,8.888935e+01,1.087666e+02,1.545631e+02
481,9.064955e+01,8.863216e+01,1.087666e+02,1.545631e+02
482,9.039236e+01,8.786060e+01,1.087666e+02,1.545631e+02
483,9.064955e+01,8.811778e+01,1.087666e+02,1.545631e+02
484,9.090674e+01,8.837497e+01,1.087666e+02,1.545631e+02
485,9.116393e+01,8.811778e+01,1.087666e+02,1.545631e+02
486,9.090674e+01,8.837497e+01,1.087666e+02,1.545631e+02
487,9.116393e+01,8.811778e+01,1.087666e+02,1.545631e+02
488,9.090674e+01,8.837497e+01,1.087666e+02,1.545631e+02
489,9.116393e+01,8.811778e+01,1.087666e+02,1.545631e+02
490,9.090674e+01,8.837497e+01,1.087666e+02,1.545631e+02
491,9.116393e+01,8.811778e+01,1.087666e+02,1.545631e+02
492,9.090674e+01,8.888935e+01,1.087666e+02,1.545631e+02
493,9.116393e+01,8.863216e+01,1.087666e+02,1.545631e+02
494,9.090674e+01,8.837497e+01,1.087666e+02,1.545631e+02
495,9.116393e+01,8.811778e+01,1.087666e+02,1.545631e+02
496,9.090674e+01,8.837497e+01,1.087666e+02,1.545631e+02
497,9.116393e+01,8.811778e+01,1.087666e+02,1.545631e+02
498,9.090674e+01,8.837497e+01,1.087666e+02,1.545631e+02
499,9.116393e+01,8.811778e+01,1.087666e+02,1.545631e+02
500,9.090674e+01,8.837497e+01,1.087666e+02,1.545631e+02
501,9.064955e+01,8.811778e+01,1.087666e+02,1.545631e+02
502,9.039236e+01,8.888935e+01,1.087666e+02,1.545631e+02
503,9.064955e+01,8.914654e+01,1.087666e+02,1.545631e+02
504,9.090674e+01,8.991810e+01,1.087666e+02,1.545631e+02
505,9.116393e+01,9.017529e+01,1.087666e+02,1.545631e+02
506,9.090674e+01,9.043248e+01,1.087666e+02,1.545631e+02
507,9.116393e+01,9.017529e+01,1.087666e+02,1.545631e+02
508,9.090674e+01,9.043248e+01,1.087666e+02,1.545631e+02
509,9.116393e+01,9.068967e+01,1.087666e+02,1.545631e+02
510,9.142112e+01,9.043248e+01,1.087666e+02,1.545631e+02
511,9.167831e+01,9.017529e+01,1.087666e+02,1.545631e+02
512,9.409240e+01,8.838086e+01,1.116541e+02,1.586663e+02
513,9.382839e+01,8.811685e+01,1.116541e+02,1.586663e+02
514,9.356437e+01,8.785283e+01,1.116541e+02,1.586663e+02
515,9.330036e+01,8.758882e+01,1.116541e+02,1.586663e+02
516,9.303634e+01,8.785283e+01,1.116541e+02,1.586663e+02
517,9.551452e+01,8.548273e+01,1.146182e+02,1.628785e+02
518,9.524350e+01,8.521171e+01,1.146182e+02,1.628785e+02
519,9.497247e+01,8.494068e+01,1.146182e+02,1.628785e+02
520,9.616574e+01,8.675050e+01,1.116896e+02,1.587168e+02
521,9.590164e+01,8.384540e+01,1.116896e+02,1.587168e+02
522,9.706442e+01,8.613717e+01,1.088358e+02,1.546615e+02
523,9.948006e+01,8.485630e+01,1.117251e+02,1.587673e+02
524,9.694463e+01,8.662044e+01,1.088705e+02,1.547107e+02
525,9.936103e+01,8.482430e+01,1.117607e+02,1.588178e+02
526,9.909676e+01,8.456003e+01,1.117607e+02,1.588178e+02
527,9.936103e+01,8.482430e+01,1.117607e+02,1.588178e+02
528,9.909676e+01,8.508856e+01,1.117607e+02,1.588178e+02
529,9.936103e+01,8.535283e+01,1.117607e+02,1.588178e+02
530,9.909676e+01,8.561710e+01,1.117607e+02,1.588178e+02
531,9.936103e+01,8.535283e+01,1.117607e+02,1.588178e+02
532,9.962530e+01,8.561710e+01,1.117607e+02,1.588178e+02
533,9.988957e+01,8.535283e+01,1.117607e+02,1.588178e+02
534,1.001538e+02,8.561710e+01,1.117607e+02,1.588178e+02
535,9.988957e+01,8.535283e+01,1.117607e+02,1.588178e+02
536,1.001538e+02,8.561710e+01,1.117607e+02,1.588178e+02
537,9.936103e+01,8.535283e+01,1.117607e+02,1.588178e+02
538,9.909676e+01,8.561710e+01,1.117607e+02,1.588178e+02
539,9.936103e+01,8.588137e+01,1.117607e+02,1.588178e+02
540,9.909676e+01,8.614564e+01,1.117607e+02,1.588178e+02
541,9.936103e+01,8.640990e+01,1.117607e+02,1.588178e+02
542,9.909676e+01,8.667417e+01,1.117607e+02,1.588178e+02
543,9.883249e+01,8.640990e+01,1.117607e+02,1.588178e+02
544,9.856823e+01,8.667417e+01,1.117607e+02,1.588178e+02
545,9.830396e+01,8.640990e+01,1.117607e+02,1.588178e+02
546,9.803969e+01,8.667417e+01,1.117607e+02,1.588178e+02
547,9.777542e+01,8.640990e+01,1.117607e+02,1.588178e+02
548,9.751115e+01,8.720271e+01,1.117607e+02,1.588178e+02
549,9.724689e+01,8.746698e+01,1.117607e+02,1.588178e+02
550,9.698262e+01,8.773125e+01,1.117607e+02,1.588178e+02
551,9.671835e+01,8.746698e+01,1.117607e+02,1.588178e+02
552,9.645408e+01,8.825978e+01,1.117607e+02,1.588178e+02
553,9.618981e+01,8.852405e+01,1.117607e+02,1.588178e+02
554,9.592554e+01,8.825978e+01,1.117607e+02,1.588178e+02
555,9.618981e+01,8.799551e+01,1.117607e+02,1.588178e+02
556,9.592554e+01,8.773125e+01,1.117607e+02,1.588178e+02
557,9.566128e+01,8.746698e+01,1.117607e+02,1.588178e+02
558,9.539701e+01,8.773125e+01,1.117607e+02,1.588178e+02
559,9.513274e+01,8.746698e+01,1.117607e+02,1.588178e+02
560,9.486847e+01,8.773125e+01,1.117607e+02,1.588178e+02
561,9.513274e+01,8.746698e+01,1.117607e+02,1.588178e+02
562,9.486847e+01,8.773125e+01,1.117607e+02,1.588178e+02
563,9.513274e+01,8.799551e+01,1.117607e+02,1.588178e+02
564,9.486847e+01,8.825978e+01,1.117607e+02,1.588178e+02
565,9.513274e+01,8.852405e+01,1.117607e+02,1.588178e+02
566,9.486847e+01,8.878832e+01,1.117607e+02,1.588178e+02
567,9.513274e+01,8.905259e+01,1.117607e+02,1.588178e+02
568,9.486847e+01,8.984539e+01,1.117607e+02,1.588178e+02
569,9.734902e+01,8.800157e+01,1.147276e+02,1.630340e+02
570,9.707774e+01,8.827285e+01,1.147276e+02,1.630340e+02
571,9.680645e+01,8.854414e+01,1.147276e+02,1.630340e+02
572,9.653517e+01,8.827285e+01,1.147276e+02,1.630340e+02
573,9.626389e+01,8.854414e+01,1.147276e+02,1.630340e+02
574,9.599260e+01,8.827285e+01,1.147276e+02,1.630340e+02
575,9.572132e+01,8.854414e+01,1.147276e+02,1.630340e+02
576,9.545004e+01,8.881542e+01,1.147276e+02,1.630340e+02
577,9.664444e+01,9.062696e+01,1.117963e+02,1.588684e+02
578,9.638009e+01,9.089131e+01,1.117963e+02,1.588684e+02
579,9.611574e+01,9.115567e+01,1.117963e+02,1.588684e+02
580,9.585139e+01,9.142002e+01,1.117963e+02,1.588684e+02
581,9.611574e+01,9.168437e+01,1.117963e+02,1.588684e+02
582,9.585139e+01,9.089131e+01,1.117963e+02,1.588684e+02
583,9.611574e+01,9.062696e+01,1.117963e+02,1.588684e+02
584,9.585139e+01,9.036261e+01,1.117963e+02,1.588684e+02
585,9.558703e+01,9.009826e+01,1.117963e+02,1.588684e+02
586,9.532268e+01,8.983390e+01,1.117963e+02,1.588684e+02
587,9.558703e+01,8.956955e+01,1.117963e+02,1.588684e+02
588,9.585139e+01,8.983390e+01,1.117963e+02,1.588684e+02
589,9.611574e+01,9.009826e+01,1.117963e+02,1.588684e+02
590,9.585139e+01,8.983390e+01,1.117963e+02,1.588684e+02
591,9.611574e+01,8.956955e+01,1.117963e+02,1.588684e+02
592,9.638009e+01,8.983390e+01,1.117963e+02,1.588684e+02
593,9.664444e+01,9.009826e+01,1.117963e+02,1.588684e+02
594,9.690880e+01,9.036261e+01,1.117963e+02,1.588684e+02
595,9.770185e+01,9.062696e+01,1.117963e+02,1.588684e+02
596,9.796621e+01,9.036261e+01,1.117963e+02,1.588684e+02
597,9.823056e+01,9.009826e+01,1.117963e+02,1.588684e+02
598,9.849491e+01,8.983390e+01,1.117963e+02,1.588684e+02
599,9.875926e+01,8.956955e+01,1.117963e+02,1.588684e+02
600,9.902361e+01,8.983390e+01,1.117963e+02,1.588684e+02
601,9.981667e+01,9.009826e+01,1.117963e+02,1.588684e+02
602,1.000810e+02,9.036261e+01,1.117963e+02,1.588684e+02
603,1.003454e+02,9.062696e+01,1.117963e+02,1.588684e+02
604,1.006097e+02,9.036261e+01,1.117963e+02,1.588684e+02
605,1.008741e+02,9.115567e+01,1.117963e+02,1.588684e+02
606,1.011384e+02,9.142002e+01,1.117963e+02,1.588684e+02
607,1.008741e+02,9.168437e+01,1.117963e+02,1.588684e+02
608,1.011384e+02,9.142002e+01,1.117963e+02,1.588684e+02
609,1.008741e+02,9.168437e+01,1.117963e+02,1.588684e+02
610,1.011384e+02,9.142002e+01,1.117963e+02,1.588684e+02
611,1.014028e+02,9.168437e+01,1.117963e+02,1.588684e+02
612,1.016671e+02,9.142002e+01,1.117963e+02,1.588684e+02
613,1.019315e+02,9.168437e+01,1.117963e+02,1.588684e+02
614,1.021958e+02,9.142002e+01,1.117963e+02,1.588684e+02
615,1.019315e+02,9.115567e+01,1.117963e+02,1.588684e+02
616,1.021958e+02,9.089131e+01,1.117963e+02,1.588684e+02
617,1.019315e+02,8.956955e+01,1.117963e+02,1.588684e+02
618,1.021958e+02,8.930520e+01,1.117963e+02,1.588684e+02
619,1.014028e+02,8.904085e+01,1.117963e+02,1.588684e+02
620,1.011384e+02,8.877650e+01,1.117963e+02,1.588684e+02
621,1.008741e+02,8.798344e+01,1.117963e+02,1.588684e+02
622,1.011384e+02,8.824779e+01,1.117963e+02,1.588684e+02
623,1.008741e+02,8.798344e+01,1.117963e+02,1.588684e+02
624,1.006097e+02,8.824779e+01,1.117963e+02,1.588684e+02
625,1.003454e+02,8.851214e+01,1.117963e+02,1.588684e+02
626,1.000810e+02,8.824779e+01,1.117963e+02,1.588684e+02
627,1.003454e+02,8.798344e+01,1.117963e+02,1.588684e+02
628,1.000810e+02,8.771909e+01,1.117963e+02,1.588684e+02
629,1.003454e+02,8.745473e+01,1.117963e+02,1.588684e+02
630,1.000810e+02,8.719038e+01,1.117963e+02,1.588684e+02
631,1.003454e+02,8.745473e+01,1.117963e+02,1.588684e+02
632,1.000810e+02,8.771909e+01,1.117963e+02,1.588684e+02
633,9.981667e+01,8.745473e+01,1.117963e+02,1.588684e+02
634,9.955232e+01,8.771909e+01,1.117963e+02,1.588684e+02
635,9.928797e+01,8.745473e+01,1.117963e+02,1.588684e+02
636,9.902361e+01,8.771909e+01,1.117963e+02,1.588684e+02
637,9.928797e+01,8.745473e+01,1.117963e+02,1.588684e+02
638,9.902361e+01,8.771909e+01,1.117963e+02,1.588684e+02
639,9.875926e+01,8.745473e+01,1.117963e+02,1.588684e+02
640,9.701097e+01,8.931126e+01,1.147641e+02,1.630859e+02
641,9.673960e+01,8.903989e+01,1.147641e+02,1.630859e+02
642,9.646823e+01,8.876852e+01,1.147641e+02,1.630859e+02
643,9.766301e+01,8.678145e+01,1.118318e+02,1.589189e+02
644,9.644303e+01,8.863856e+01,1.148007e+02,1.631378e+02
645,9.671449e+01,8.836711e+01,1.148007e+02,1.631378e+02
646,9.644303e+01,8.809565e+01,1.148007e+02,1.631378e+02
647,9.671449e+01,8.782419e+01,1.148007e+02,1.631378e+02
648,9.644303e+01,8.809565e+01,1.148007e+02,1.631378e+02
649,9.671449e+01,8.836711e+01,1.148007e+02,1.631378e+02
650,9.644303e+01,8.809565e+01,1.148007e+02,1.631378e+02
651,9.671449e+01,8.782419e+01,1.148007e+02,1.631378e+02
652,9.644303e+01,8.755274e+01,1.148007e+02,1.631378e+02
653,9.671449e+01,8.728128e+01,1.148007e+02,1.631378e+02
654,9.698595e+01,8.755274e+01,1.148007e+02,1.631378e+02
655,9.725740e+01,8.728128e+01,1.148007e+02,1.631378e+02
656,9.752886e+01,8.700983e+01,1.148007e+02,1.631378e+02
657,9.725740e+01,8.728128e+01,1.148007e+02,1.631378e+02
658,9.698595e+01,8.755274e+01,1.148007e+02,1.631378e+02
659,9.725740e+01,8.728128e+01,1.148007e+02,1.631378e+02
660,9.752886e+01,8.755274e+01,1.148007e+02,1.631378e+02
661,9.780032e+01,8.728128e+01,1.148007e+02,1.631378e+02
662,9.752886e+01,8.700983e+01,1.148007e+02,1.631378e+02
663,9.780032e+01,8.673837e+01,1.148007e+02,1.631378e+02
664,9.752886e+01,8.646691e+01,1.148007e+02,1.631378e+02
665,9.780032e+01,8.619546e+01,1.148007e+02,1.631378e+02
666,9.807177e+01,8.646691e+01,1.148007e+02,1.631378e+02
667,9.834323e+01,8.619546e+01,1.148007e+02,1.631378e+02
668,9.861469e+01,8.646691e+01,1.148007e+02,1.631378e+02
669,9.834323e+01,8.565254e+01,1.148007e+02,1.631378e+02
670,9.861469e+01,8.592400e+01,1.148007e+02,1.631378e+02
671,9.780032e+01,8.565254e+01,1.148007e+02,1.631378e+02
672,9.752886e+01,8.592400e+01,1.148007e+02,1.631378e+02
673,9.725740e+01,8.619546e+01,1.148007e+02,1.631378e+02
674,9.644303e+01,8.646691e+01,1.148007e+02,1.631378e+02
675,9.399993e+01,8.619546e+01,1.148007e+02,1.631378e+02
676,9.318556e+01,8.646691e+01,1.148007e+02,1.631378e+02
677,9.182827e+01,8.619546e+01,1.148007e+02,1.631378e+02
678,8.922305e+01,8.800815e+01,1.118674e+02,1.589695e+02
679,8.948757e+01,8.827267e+01,1.118674e+02,1.589695e+02
680,8.922305e+01,8.800815e+01,1.118674e+02,1.589695e+02
681,8.631333e+01,8.774363e+01,1.118674e+02,1.589695e+02
682,8.551976e+01,8.747911e+01,1.118674e+02,1.589695e+02
683,8.419716e+01,8.774363e+01,1.118674e+02,1.589695e+02
684,8.128743e+01,8.747911e+01,1.118674e+02,1.589695e+02
685,8.049387e+01,8.774363e+01,1.118674e+02,1.589695e+02
686,7.811319e+01,8.747911e+01,1.118674e+02,1.589695e+02
687,7.731963e+01,8.721459e+01,1.118674e+02,1.589695e+02
688,7.440990e+01,8.695007e+01,1.118674e+02,1.589695e+02
689,7.361634e+01,8.615651e+01,1.118674e+02,1.589695e+02
690,7.229373e+01,8.589199e+01,1.118674e+02,1.589695e+02
691,7.150017e+01,8.509842e+01,1.118674e+02,1.589695e+02
692,6.763460e+01,8.325284e+01,1.148372e+02,1.631897e+02
693,6.681997e+01,8.352438e+01,1.148372e+02,1.631897e+02
694,6.600534e+01,8.325284e+01,1.148372e+02,1.631897e+02
695,6.573380e+01,8.352438e+01,1.148372e+02,1.631897e+02
696,6.491917e+01,8.325284e+01,1.148372e+02,1.631897e+02
697,6.464763e+01,8.352438e+01,1.148372e+02,1.631897e+02
698,6.437608e+01,8.270975e+01,1.148372e+02,1.631897e+02
699,6.991632e+01,8.452303e+01,1.119030e+02,1.590201e+02
700,7.108132e+01,8.628997e+01,1.090438e+02,1.549570e+02
701,6.525057e+01,8.449097e+01,1.119386e+02,1.590707e+02
702,6.350004e+01,8.264421e+01,1.149103e+02,1.632935e+02
703,6.795694e+01,8.445863e+01,1.119742e+02,1.591213e+02
704,6.716262e+01,8.419386e+01,1.119742e+02,1.591213e+02
705,6.636830e+01,8.392909e+01,1.119742e+02,1.591213e+02
706,6.663308e+01,8.419386e+01,1.119742e+02,1.591213e+02
707,6.636830e+01,8.287000e+01,1.119742e+02,1.591213e+02
708,7.177042e+01,8.781534e+01,1.091132e+02,1.550556e+02
709,6.748400e+01,8.549918e+01,1.120099e+02,1.591719e+02
710,6.520265e+01,8.153238e+01,1.149834e+02,1.633975e+02
711,6.493076e+01,8.126050e+01,1.149834e+02,1.633975e+02
712,6.465887e+01,8.098861e+01,1.149834e+02,1.633975e+02
713,6.438698e+01,8.071672e+01,1.149834e+02,1.633975e+02
714,6.465887e+01,8.044483e+01,1.149834e+02,1.633975e+02
715,6.438698e+01,8.017294e+01,1.149834e+02,1.633975e+02
716,6.939049e+01,8.253230e+01,1.120455e+02,1.592225e+02
717,6.806579e+01,8.226736e+01,1.120455e+02,1.592225e+02
718,6.976215e+01,8.403655e+01,1.091826e+02,1.551543e+02
719,6.702204e+01,8.171891e+01,1.120811e+02,1.592732e+02
720,6.675702e+01,8.145389e+01,1.120811e+02,1.592732e+02
721,7.004408e+01,8.322364e+01,1.092174e+02,1.552036e+02
722,6.730309e+01,8.142178e+01,1.121168e+02,1.593239e+02
723,6.501956e+01,7.904186e+01,1.150932e+02,1.635535e+02
724,6.474742e+01,7.876971e+01,1.150932e+02,1.635535e+02
725,6.975571e+01,8.058702e+01,1.121525e+02,1.593746e+02
726,6.896012e+01,8.032183e+01,1.121525e+02,1.593746e+02
727,6.667587e+01,7.794115e+01,1.151298e+02,1.636055e+02
728,7.168575e+01,7.975905e+01,1.121882e+02,1.594253e+02
729,7.142047e+01,8.055488e+01,1.121882e+02,1.594253e+02
730,6.966604e+01,7.817345e+01,1.151665e+02,1.636576e+02
731,7.211694e+01,7.790113e+01,1.151665e+02,1.636576e+02
732,7.238926e+01,7.708416e+01,1.151665e+02,1.636576e+02
733,7.429551e+01,7.735648e+01,1.151665e+02,1.636576e+02
734,7.511247e+01,7.708416e+01,1.151665e+02,1.636576e+02
735,7.756337e+01,7.735648e+01,1.151665e+02,1.636576e+02
736,7.946962e+01,7.708416e+01,1.151665e+02,1.636576e+02
737,8.028658e+01,7.681184e+01,1.151665e+02,1.636576e+02
738,8.219283e+01,7.653952e+01,1.151665e+02,1.636576e+02
739,8.246515e+01,7.626720e+01,1.151665e+02,1.636576e+02
740,8.546069e+01,7.599488e+01,1.151665e+02,1.636576e+02
741,8.518837e+01,7.572255e+01,1.151665e+02,1.636576e+02
742,8.546069e+01,7.545023e+01,1.151665e+02,1.636576e+02
743,8.573301e+01,7.572255e+01,1.151665e+02,1.636576e+02
744,8.654998e+01,7.545023e+01,1.151665e+02,1.636576e+02
745,8.682230e+01,7.572255e+01,1.151665e+02,1.636576e+02
746,8.709462e+01,7.490559e+01,1.151665e+02,1.636576e+02
747,8.682230e+01,7.408863e+01,1.151665e+02,1.636576e+02
748,8.502130e+01,7.109933e+01,1.182238e+02,1.680023e+02
749,8.474175e+01,6.858337e+01,1.182238e+02,1.680023e+02
750,8.502130e+01,6.830382e+01,1.182238e+02,1.680023e+02
751,8.474175e+01,6.690607e+01,1.182238e+02,1.680023e+02
752,8.502130e+01,6.662651e+01,1.182238e+02,1.680023e+02
753,8.530085e+01,6.634696e+01,1.182238e+02,1.680023e+02
754,8.558040e+01,6.606741e+01,1.182238e+02,1.680023e+02
755,8.585995e+01,6.522876e+01,1.182238e+02,1.680023e+02
756,8.669860e+01,6.494921e+01,1.182238e+02,1.680023e+02
757,9.128402e+01,6.681596e+01,1.152031e+02,1.637097e+02
758,9.046679e+01,6.654355e+01,1.152031e+02,1.637097e+02
759,9.019439e+01,6.627114e+01,1.152031e+02,1.637097e+02
760,8.992198e+01,6.599873e+01,1.152031e+02,1.637097e+02
761,8.964957e+01,6.518151e+01,1.152031e+02,1.637097e+02
762,8.992198e+01,6.490910e+01,1.152031e+02,1.637097e+02
763,8.964957e+01,6.463669e+01,1.152031e+02,1.637097e+02
764,8.992198e+01,6.490910e+01,1.152031e+02,1.637097e+02
765,8.964957e+01,6.409187e+01,1.152031e+02,1.637097e+02
766,8.937716e+01,6.381947e+01,1.152031e+02,1.637097e+02
767,8.910475e+01,6.354706e+01,1.152031e+02,1.637097e+02
768,8.883235e+01,6.381947e+01,1.152031e+02,1.637097e+02
769,8.703077e+01,6.137403e+01,1.182614e+02,1.680557e+02
770,8.675113e+01,6.109439e+01,1.182614e+02,1.680557e+02
771,8.703077e+01,6.081475e+01,1.182614e+02,1.680557e+02
772,8.882125e+01,6.268210e+01,1.152397e+02,1.637617e+02
773,9.181869e+01,6.240960e+01,1.152397e+02,1.637617e+02
774,9.154620e+01,6.268210e+01,1.152397e+02,1.637617e+02
775,9.072871e+01,6.240960e+01,1.152397e+02,1.637617e+02
776,9.045622e+01,6.322708e+01,1.152397e+02,1.637617e+02
777,9.018372e+01,6.349958e+01,1.152397e+02,1.637617e+02
778,8.991123e+01,6.377207e+01,1.152397e+02,1.637617e+02
779,9.018372e+01,6.349958e+01,1.152397e+02,1.637617e+02
780,9.045622e+01,6.431706e+01,1.152397e+02,1.637617e+02
781,9.018372e+01,6.458956e+01,1.152397e+02,1.637617e+02
782,9.138346e+01,6.695418e+01,1.122953e+02,1.595775e+02
783,9.111793e+01,6.668864e+01,1.122953e+02,1.595775e+02
784,9.138346e+01,6.801631e+01,1.122953e+02,1.595775e+02
785,9.111793e+01,6.775077e+01,1.122953e+02,1.595775e+02
786,9.138346e+01,6.748524e+01,1.122953e+02,1.595775e+02
787,9.111793e+01,6.775077e+01,1.122953e+02,1.595775e+02
788,9.191453e+01,6.748524e+01,1.122953e+02,1.595775e+02
789,9.218006e+01,6.721971e+01,1.122953e+02,1.595775e+02
790,9.244559e+01,6.695418e+01,1.122953e+02,1.595775e+02
791,9.271112e+01,6.668864e+01,1.122953e+02,1.595775e+02
792,9.297666e+01,6.695418e+01,1.122953e+02,1.595775e+02
793,9.324219e+01,6.668864e+01,1.122953e+02,1.595775e+02
794,9.350772e+01,6.748524e+01,1.122953e+02,1.595775e+02
795,9.377325e+01,6.775077e+01,1.122953e+02,1.595775e+02
796,9.403879e+01,6.748524e+01,1.122953e+02,1.595775e+02
797,9.483538e+01,6.881290e+01,1.122953e+02,1.595775e+02
798,9.563198e+01,6.854737e+01,1.122953e+02,1.595775e+02
799,9.589751e+01,6.934397e+01,1.122953e+02,1.595775e+02
800,9.775624e+01,6.907844e+01,1.122953e+02,1.595775e+02
801,9.802177e+01,6.934397e+01,1.122953e+02,1.595775e+02
802,9.988050e+01,6.960950e+01,1.122953e+02,1.595775e+02
803,1.001460e+02,6.987503e+01,1.122953e+02,1.595775e+02
804,1.014737e+02,6.960950e+01,1.122953e+02,1.595775e+02
805,1.017392e+02,6.987503e+01,1.122953e+02,1.595775e+02
806,1.020048e+02,6.907844e+01,1.122953e+02,1.595775e+02
807,1.028014e+02,6.881290e+01,1.122953e+02,1.595775e+02
808,1.030669e+02,6.854737e+01,1.122953e+02,1.595775e+02
809,1.043945e+02,6.881290e+01,1.122953e+02,1.595775e+02
810,1.046601e+02,6.907844e+01,1.122953e+02,1.595775e+02
811,1.049256e+02,6.987503e+01,1.122953e+02,1.595775e+02
812,1.062533e+02,7.014056e+01,1.122953e+02,1.595775e+02
813,1.070499e+02,7.093716e+01,1.122953e+02,1.595775e+02
814,1.078465e+02,7.120269e+01,1.122953e+02,1.595775e+02
815,1.107673e+02,7.199929e+01,1.122953e+02,1.595775e+02
816,1.115639e+02,7.226482e+01,1.122953e+02,1.595775e+02
817,1.150158e+02,7.253036e+01,1.122953e+02,1.595775e+02
818,1.167160e+02,7.483456e+01,1.094260e+02,1.555002e+02
819,1.205972e+02,7.457581e+01,1.094260e+02,1.555002e+02
820,1.213734e+02,7.483456e+01,1.094260e+02,1.555002e+02
821,1.238022e+02,7.302925e+01,1.123310e+02,1.596283e+02
822,1.249716e+02,7.427171e+01,1.094609e+02,1.555496e+02
823,1.274011e+02,7.194817e+01,1.123668e+02,1.596791e+02
824,1.271354e+02,7.221387e+01,1.123668e+02,1.596791e+02
825,1.274011e+02,7.247958e+01,1.123668e+02,1.596791e+02
826,1.291024e+02,7.372244e+01,1.094957e+02,1.555991e+02
827,1.324682e+02,7.346352e+01,1.094957e+02,1.555991e+02
828,1.322093e+02,7.372244e+01,1.094957e+02,1.555991e+02
829,1.338671e+02,7.545137e+01,1.066980e+02,1.516235e+02
830,1.341194e+02,7.570366e+01,1.066980e+02,1.516235e+02
831,1.364876e+02,7.394336e+01,1.095305e+02,1.556486e+02
832,1.352927e+02,7.420829e+01,1.124383e+02,1.597807e+02
833,1.355586e+02,7.341068e+01,1.124383e+02,1.597807e+02
834,1.363562e+02,7.314481e+01,1.124383e+02,1.597807e+02
835,1.366220e+02,7.287894e+01,1.124383e+02,1.597807e+02
836,1.383244e+02,7.465433e+01,1.095654e+02,1.556982e+02
837,1.385834e+02,7.439526e+01,1.095654e+02,1.556982e+02
838,1.388425e+02,7.465433e+01,1.095654e+02,1.556982e+02
839,1.391016e+02,7.439526e+01,1.095654e+02,1.556982e+02
840,1.393607e+02,7.465433e+01,1.095654e+02,1.556982e+02
841,1.396198e+02,7.439526e+01,1.095654e+02,1.556982e+02
842,1.398788e+02,7.465433e+01,1.095654e+02,1.556982e+02
843,1.396198e+02,7.439526e+01,1.095654e+02,1.556982e+02
844,1.398788e+02,7.465433e+01,1.095654e+02,1.556982e+02
845,1.396198e+02,7.439526e+01,1.095654e+02,1.556982e+02
846,1.398788e+02,7.517249e+01,1.095654e+02,1.556982e+02
847,1.386836e+02,7.647381e+01,1.124740e+02,1.598315e+02
848,1.389495e+02,7.461212e+01,1.124740e+02,1.598315e+02
849,1.386836e+02,7.434617e+01,1.124740e+02,1.598315e+02
850,1.389495e+02,7.408021e+01,1.124740e+02,1.598315e+02
851,1.386836e+02,7.434617e+01,1.124740e+02,1.598315e+02
852,1.389495e+02,7.408021e+01,1.124740e+02,1.598315e+02
853,1.381517e+02,7.434617e+01,1.124740e+02,1.598315e+02
854,1.378857e+02,7.408021e+01,1.124740e+02,1.598315e+02
855,1.365559e+02,7.434617e+01,1.124740e+02,1.598315e+02
856,1.362900e+02,7.408021e+01,1.124740e+02,1.598315e+02
857,1.344283e+02,7.434617e+01,1.124740e+02,1.598315e+02
858,1.336304e+02,7.408021e+01,1.124740e+02,1.598315e+02
859,1.317687e+02,7.434617e+01,1.124740e+02,1.598315e+02
860,1.283113e+02,7.408021e+01,1.124740e+02,1.598315e+02
861,1.280454e+02,7.434617e+01,1.124740e+02,1.598315e+02
862,1.272475e+02,7.354830e+01,1.124740e+02,1.598315e+02
863,1.269816e+02,7.328235e+01,1.124740e+02,1.598315e+02
864,1.256518e+02,7.301639e+01,1.124740e+02,1.598315e+02
865,1.253858e+02,7.328235e+01,1.124740e+02,1.598315e+02
866,1.245880e+02,7.301639e+01,1.124740e+02,1.598315e+02
867,1.243220e+02,7.275044e+01,1.124740e+02,1.598315e+02
868,1.229922e+02,7.248448e+01,1.124740e+02,1.598315e+02
869,1.216625e+02,7.221853e+01,1.124740e+02,1.598315e+02
870,1.213965e+02,7.195257e+01,1.124740e+02,1.598315e+02
871,1.200667e+02,7.221853e+01,1.124740e+02,1.598315e+02
872,1.182050e+02,7.195257e+01,1.124740e+02,1.598315e+02
873,1.174072e+02,7.168662e+01,1.124740e+02,1.598315e+02
874,1.150136e+02,7.195257e+01,1.124740e+02,1.598315e+02
875,1.131519e+02,7.168662e+01,1.124740e+02,1.598315e+02
876,1.123540e+02,6.929302e+01,1.124740e+02,1.598315e+02
877,1.092697e+02,6.734561e+01,1.096002e+02,1.557477e+02
878,1.075557e+02,6.605575e+01,1.125098e+02,1.598824e+02
879,1.035651e+02,6.525763e+01,1.125098e+02,1.598824e+02
880,1.032991e+02,6.233119e+01,1.125098e+02,1.598824e+02
881,1.025010e+02,6.206516e+01,1.125098e+02,1.598824e+02
882,1.022349e+02,6.233119e+01,1.125098e+02,1.598824e+02
883,1.019689e+02,6.525763e+01,1.125098e+02,1.598824e+02
884,1.017029e+02,6.658783e+01,1.125098e+02,1.598824e+02
885,1.019689e+02,7.004634e+01,1.125098e+02,1.598824e+02
886,1.017029e+02,7.084446e+01,1.125098e+02,1.598824e+02
887,1.030331e+02,7.323882e+01,1.125098e+02,1.598824e+02
888,1.027670e+02,7.350486e+01,1.125098e+02,1.598824e+02
889,1.025010e+02,7.377090e+01,1.125098e+02,1.598824e+02
890,1.027670e+02,7.403694e+01,1.125098e+02,1.598824e+02
891,1.025010e+02,7.430298e+01,1.125098e+02,1.598824e+02
892,1.027670e+02,7.403694e+01,1.125098e+02,1.598824e+02
